784 1239
1 2
2 3
4 5
5 6
6 7
7 8
8 9
9 10
10 11
11 12
12 13
14 15
15 16
16 17
20 21
23 24
26 27
27 28
1 29
2 30
29 30
3 31
30 31
4 32
31 32
32 33
6 34
33 34
7 35
34 35
8 36
35 36
9 37
10 38
11 39
38 39
12 40
39 40
13 41
40 41
14 42
41 42
42 43
16 44
43 44
17 45
44 45
18 46
45 46
19 47
46 47
20 48
47 48
21 49
48 49
22 50
23 51
50 51
24 52
51 52
25 53
52 53
26 54
53 54
27 55
54 55
28 56
55 56
29 57
30 58
57 58
31 59
58 59
32 60
59 60
33 61
60 61
34 62
61 62
35 63
62 63
36 64
37 65
64 65
65 66
39 67
66 67
40 68
67 68
41 69
42 70
69 70
43 71
70 71
44 72
71 72
45 73
46 74
73 74
47 75
48 76
75 76
76 77
77 78
78 79
52 80
79 80
53 81
80 81
81 82
82 83
83 84
57 85
58 86
85 86
59 87
60 88
87 88
61 89
88 89
62 90
89 90
63 91
90 91
64 92
91 92
65 93
92 93
66 94
67 95
94 95
68 96
69 97
96 97
70 98
97 98
71 99
72 100
99 100
73 101
100 101
74 102
75 103
102 103
76 104
103 104
77 105
78 106
105 106
79 107
106 107
80 108
107 108
81 109
108 109
110 111
84 112
111 112
85 113
86 114
113 114
87 115
114 115
115 116
89 117
116 117
90 118
117 118
91 119
118 119
92 120
93 121
120 121
94 122
121 122
95 123
96 124
123 124
97 125
125 126
99 127
126 127
100 128
101 129
102 130
129 130
103 131
130 131
104 132
131 132
132 133
106 134
107 135
134 135
108 136
109 137
110 138
137 138
138 139
112 140
139 140
113 141
114 142
141 142
115 143
142 143
116 144
117 145
144 145
118 146
145 146
119 147
146 147
120 148
147 148
121 149
148 149
122 150
149 150
123 151
124 152
151 152
125 153
127 155
154 155
128 156
155 156
129 157
156 157
157 158
158 159
132 160
159 160
133 161
134 162
161 162
135 163
162 163
136 164
163 164
137 165
164 165
138 166
165 166
139 167
166 167
167 168
141 169
142 170
169 170
143 171
170 171
171 172
172 173
146 174
173 174
147 175
174 175
148 176
175 176
149 177
176 177
150 178
177 178
151 179
178 179
152 180
179 180
153 181
180 181
154 182
181 182
155 183
182 183
156 184
183 184
157 185
184 185
158 186
185 186
159 187
186 187
160 188
187 188
161 189
188 189
163 191
190 191
164 192
165 193
192 193
166 194
193 194
167 195
194 195
168 196
169 197
170 198
197 198
171 199
198 199
172 200
199 200
173 201
200 201
174 202
201 202
175 203
202 203
203 204
177 205
204 205
179 207
180 208
207 208
181 209
208 209
182 210
209 210
183 211
210 211
184 212
211 212
185 213
212 213
186 214
214 215
188 216
215 216
189 217
216 217
190 218
217 218
191 219
218 219
219 220
193 221
194 222
221 222
195 223
222 223
223 224
197 225
198 226
225 226
199 227
226 227
200 228
227 228
201 229
202 230
229 230
230 231
205 233
232 233
206 234
233 234
207 235
208 236
235 236
209 237
236 237
210 238
237 238
211 239
212 240
239 240
240 241
241 242
215 243
242 243
216 244
243 244
217 245
244 245
218 246
219 247
246 247
220 248
247 248
221 249
248 249
222 250
249 250
223 251
250 251
224 252
251 252
225 253
226 254
253 254
227 255
254 255
255 256
229 257
256 257
230 258
257 258
231 259
258 259
232 260
233 261
260 261
234 262
235 263
262 263
236 264
237 265
264 265
238 266
265 266
266 267
240 268
241 269
268 269
242 270
269 270
243 271
270 271
271 272
245 273
272 273
246 274
273 274
247 275
248 276
275 276
249 277
276 277
250 278
251 279
252 280
253 281
254 282
281 282
255 283
282 283
283 284
257 285
284 285
285 286
259 287
286 287
260 288
261 289
288 289
262 290
289 290
263 291
290 291
264 292
291 292
265 293
292 293
266 294
293 294
267 295
294 295
268 296
269 297
270 298
297 298
271 299
298 299
272 300
299 300
300 301
274 302
301 302
275 303
302 303
276 304
303 304
277 305
304 305
305 306
279 307
306 307
280 308
281 309
282 310
309 310
283 311
310 311
284 312
311 312
285 313
312 313
313 314
287 315
288 316
315 316
289 317
316 317
290 318
317 318
291 319
318 319
292 320
319 320
320 321
294 322
321 322
295 323
322 323
296 324
323 324
297 325
324 325
299 327
326 327
300 328
327 328
301 329
329 330
330 331
331 332
305 333
332 333
306 334
333 334
307 335
334 335
308 336
309 337
337 338
338 339
339 340
313 341
340 341
314 342
341 342
315 343
342 343
316 344
343 344
317 345
344 345
318 346
345 346
320 348
347 348
321 349
348 349
322 350
349 350
323 351
350 351
351 352
325 353
326 354
327 355
354 355
328 356
355 356
329 357
356 357
330 358
357 358
331 359
358 359
332 360
359 360
333 361
360 361
334 362
361 362
362 363
336 364
363 364
337 365
338 366
365 366
339 367
366 367
340 368
367 368
341 369
368 369
369 370
343 371
370 371
344 372
371 372
345 373
372 373
346 374
373 374
347 375
374 375
348 376
375 376
349 377
376 377
350 378
377 378
351 379
378 379
352 380
379 380
353 381
380 381
354 382
381 382
355 383
382 383
356 384
357 385
358 386
385 386
359 387
386 387
360 388
388 389
389 390
390 391
364 392
391 392
365 393
366 394
393 394
367 395
368 396
395 396
369 397
396 397
370 398
371 399
398 399
372 400
399 400
373 401
400 401
374 402
401 402
375 403
402 403
376 404
377 405
404 405
378 406
405 406
379 407
406 407
380 408
407 408
381 409
408 409
382 410
409 410
383 411
410 411
385 413
412 413
386 414
413 414
387 415
414 415
388 416
415 416
389 417
416 417
390 418
417 418
391 419
392 420
419 420
393 421
394 422
421 422
395 423
422 423
396 424
423 424
397 425
424 425
398 426
425 426
399 427
426 427
400 428
427 428
401 429
428 429
402 430
429 430
403 431
430 431
404 432
431 432
405 433
432 433
406 434
407 435
434 435
408 436
409 437
436 437
437 438
411 439
438 439
412 440
439 440
413 441
440 441
414 442
441 442
415 443
416 444
417 445
444 445
418 446
445 446
447 448
422 450
449 450
423 451
450 451
451 452
425 453
452 453
426 454
427 455
454 455
455 456
429 457
456 457
430 458
457 458
431 459
458 459
432 460
459 460
433 461
460 461
434 462
461 462
435 463
462 463
436 464
463 464
437 465
464 465
438 466
465 466
439 467
440 468
467 468
441 469
468 469
442 470
469 470
443 471
444 472
471 472
445 473
472 473
446 474
473 474
447 475
474 475
448 476
475 476
477 478
451 479
452 480
479 480
454 482
481 482
455 483
456 484
483 484
457 485
484 485
458 486
459 487
486 487
460 488
487 488
461 489
488 489
462 490
489 490
463 491
490 491
491 492
465 493
492 493
466 494
493 494
494 495
495 496
469 497
496 497
470 498
471 499
498 499
472 500
499 500
473 501
500 501
474 502
475 503
502 503
476 504
503 504
477 505
478 506
505 506
479 507
506 507
480 508
507 508
508 509
509 510
510 511
484 512
485 513
512 513
486 514
513 514
514 515
488 516
489 517
516 517
491 519
518 519
492 520
519 520
520 521
494 522
495 523
496 524
497 525
524 525
498 526
499 527
526 527
500 528
527 528
501 529
528 529
502 530
503 531
504 532
531 532
505 533
506 534
533 534
507 535
534 535
508 536
535 536
510 538
511 539
538 539
539 540
513 541
540 541
541 542
515 543
542 543
516 544
543 544
517 545
544 545
545 546
519 547
546 547
520 548
547 548
521 549
548 549
522 550
549 550
525 553
552 553
553 554
527 555
554 555
528 556
529 557
556 557
530 558
531 559
558 559
532 560
533 561
561 562
535 563
562 563
563 564
537 565
565 566
539 567
566 567
540 568
567 568
541 569
568 569
542 570
569 570
543 571
570 571
571 572
545 573
546 574
573 574
547 575
574 575
548 576
576 577
550 578
577 578
551 579
552 580
579 580
580 581
554 582
555 583
556 584
583 584
557 585
584 585
558 586
585 586
586 587
560 588
562 590
589 590
563 591
590 591
564 592
591 592
565 593
592 593
566 594
593 594
567 595
568 596
595 596
569 597
596 597
570 598
597 598
571 599
598 599
573 601
600 601
574 602
601 602
575 603
602 603
576 604
603 604
577 605
604 605
605 606
579 607
606 607
580 608
607 608
581 609
608 609
582 610
609 610
583 611
610 611
584 612
611 612
612 613
613 614
587 615
614 615
588 616
617 618
591 619
618 619
592 620
619 620
593 621
620 621
594 622
621 622
595 623
622 623
596 624
623 624
597 625
624 625
598 626
599 627
626 627
600 628
627 628
601 629
628 629
629 630
603 631
630 631
604 632
631 632
605 633
632 633
606 634
633 634
607 635
634 635
608 636
635 636
609 637
636 637
610 638
637 638
638 639
612 640
639 640
613 641
640 641
614 642
641 642
615 643
642 643
616 644
643 644
617 645
645 646
619 647
646 647
647 648
621 649
648 649
622 650
649 650
623 651
650 651
624 652
651 652
625 653
626 654
653 654
627 655
654 655
655 656
629 657
656 657
630 658
631 659
658 659
632 660
659 660
633 661
660 661
634 662
661 662
635 663
662 663
636 664
637 665
664 665
638 666
665 666
639 667
640 668
667 668
641 669
668 669
669 670
644 672
673 674
647 675
674 675
648 676
675 676
649 677
676 677
677 678
651 679
678 679
679 680
653 681
680 681
681 682
655 683
682 683
656 684
657 685
684 685
658 686
685 686
659 687
686 687
660 688
687 688
661 689
688 689
662 690
689 690
690 691
664 692
691 692
665 693
692 693
666 694
693 694
694 695
668 696
695 696
669 697
696 697
670 698
697 698
671 699
672 700
699 700
674 702
701 702
702 703
676 704
677 705
704 705
705 706
706 707
680 708
707 708
681 709
708 709
682 710
683 711
710 711
684 712
711 712
686 714
687 715
714 715
688 716
715 716
716 717
717 718
691 719
718 719
692 720
693 721
720 721
694 722
721 722
695 723
722 723
696 724
723 724
697 725
724 725
699 727
700 728
727 728
701 729
702 730
729 730
703 731
730 731
705 733
732 733
708 736
735 736
709 737
736 737
710 738
737 738
711 739
738 739
712 740
739 740
713 741
740 741
714 742
741 742
715 743
742 743
716 744
743 744
717 745
744 745
745 746
719 747
720 748
747 748
748 749
722 750
749 750
723 751
724 752
751 752
753 754
727 755
728 756
755 756
729 757
730 758
757 758
731 759
732 760
759 760
760 761
761 762
735 763
736 764
763 764
737 765
764 765
738 766
765 766
739 767
766 767
740 768
767 768
768 769
742 770
769 770
770 771
744 772
745 773
772 773
746 774
773 774
747 775
749 777
776 777
750 778
777 778
751 779
778 779
779 780
780 781
754 782
781 782
755 783
782 783
756 784
783 784
