1600 2538
1 2
2 3
4 5
5 6
6 7
7 8
8 9
9 10
10 11
11 12
12 13
14 15
15 16
16 17
20 21
23 24
26 27
27 28
28 29
29 30
30 31
31 32
32 33
33 34
34 35
35 36
38 39
39 40
1 41
2 42
41 42
3 43
42 43
43 44
5 45
44 45
6 46
45 46
7 47
46 47
8 48
47 48
9 49
48 49
10 50
11 51
50 51
12 52
51 52
13 53
52 53
14 54
53 54
15 55
54 55
16 56
55 56
17 57
18 58
57 58
19 59
58 59
20 60
59 60
21 61
60 61
22 62
61 62
23 63
62 63
24 64
25 65
64 65
26 66
65 66
27 67
66 67
28 68
67 68
29 69
30 70
69 70
31 71
70 71
32 72
71 72
33 73
34 74
73 74
35 75
36 76
75 76
37 77
76 77
77 78
39 79
78 79
40 80
79 80
41 81
81 82
82 83
83 84
45 85
84 85
46 86
47 87
48 88
87 88
49 89
88 89
50 90
89 90
51 91
90 91
52 92
91 92
53 93
92 93
54 94
55 95
94 95
56 96
57 97
96 97
58 98
97 98
59 99
60 100
99 100
61 101
100 101
62 102
63 103
102 103
64 104
103 104
65 105
66 106
105 106
67 107
106 107
68 108
107 108
69 109
108 109
110 111
72 112
111 112
73 113
112 113
74 114
113 114
75 115
114 115
115 116
77 117
116 117
78 118
117 118
79 119
118 119
80 120
81 121
82 122
121 122
83 123
84 124
123 124
85 125
125 126
87 127
126 127
88 128
89 129
90 130
129 130
91 131
130 131
92 132
131 132
132 133
94 134
95 135
134 135
96 136
97 137
98 138
137 138
138 139
100 140
139 140
101 141
140 141
102 142
141 142
103 143
142 143
104 144
105 145
144 145
106 146
145 146
107 147
146 147
108 148
147 148
109 149
148 149
110 150
149 150
111 151
112 152
151 152
113 153
115 155
154 155
116 156
155 156
117 157
156 157
157 158
158 159
120 160
159 160
121 161
122 162
161 162
123 163
162 163
124 164
163 164
125 165
164 165
126 166
165 166
127 167
166 167
167 168
129 169
168 169
130 170
169 170
131 171
170 171
171 172
172 173
134 174
173 174
135 175
174 175
136 176
175 176
137 177
176 177
138 178
177 178
139 179
178 179
140 180
179 180
141 181
180 181
142 182
181 182
143 183
182 183
144 184
183 184
145 185
184 185
146 186
185 186
147 187
186 187
148 188
187 188
149 189
188 189
151 191
190 191
152 192
153 193
192 193
154 194
193 194
155 195
194 195
156 196
157 197
196 197
158 198
197 198
159 199
198 199
160 200
199 200
161 201
162 202
201 202
163 203
202 203
203 204
165 205
204 205
167 207
168 208
207 208
169 209
208 209
170 210
209 210
171 211
210 211
172 212
211 212
173 213
212 213
174 214
214 215
176 216
215 216
177 217
216 217
178 218
217 218
179 219
218 219
219 220
181 221
182 222
221 222
183 223
222 223
223 224
185 225
224 225
186 226
225 226
187 227
226 227
188 228
227 228
189 229
190 230
229 230
230 231
193 233
232 233
194 234
233 234
195 235
196 236
235 236
197 237
236 237
198 238
237 238
199 239
200 240
239 240
241 242
203 243
242 243
204 244
243 244
205 245
244 245
206 246
207 247
246 247
208 248
247 248
209 249
248 249
210 250
249 250
211 251
250 251
212 252
251 252
213 253
252 253
214 254
253 254
215 255
254 255
255 256
217 257
256 257
218 258
257 258
219 259
258 259
220 260
221 261
260 261
222 262
223 263
262 263
224 264
225 265
264 265
226 266
265 266
266 267
228 268
229 269
268 269
230 270
269 270
231 271
270 271
271 272
233 273
272 273
234 274
273 274
235 275
236 276
275 276
237 277
276 277
238 278
239 279
240 280
241 281
242 282
281 282
243 283
282 283
283 284
245 285
284 285
285 286
247 287
286 287
248 288
249 289
288 289
250 290
289 290
251 291
290 291
252 292
291 292
253 293
292 293
254 294
293 294
255 295
294 295
256 296
257 297
258 298
297 298
259 299
298 299
260 300
299 300
300 301
262 302
301 302
263 303
302 303
264 304
303 304
265 305
304 305
305 306
267 307
306 307
268 308
269 309
308 309
270 310
271 311
310 311
272 312
311 312
273 313
312 313
313 314
275 315
276 316
315 316
277 317
316 317
278 318
317 318
279 319
318 319
280 320
319 320
282 322
321 322
283 323
322 323
284 324
323 324
285 325
324 325
287 327
326 327
288 328
327 328
289 329
329 330
330 331
331 332
293 333
332 333
294 334
333 334
295 335
334 335
296 336
297 337
336 337
337 338
338 339
339 340
301 341
340 341
302 342
341 342
303 343
342 343
304 344
343 344
305 345
344 345
306 346
345 346
308 348
347 348
309 349
348 349
310 350
349 350
311 351
350 351
351 352
313 353
314 354
315 355
354 355
316 356
355 356
317 357
356 357
318 358
357 358
319 359
358 359
320 360
359 360
321 361
322 362
361 362
362 363
324 364
363 364
325 365
364 365
326 366
365 366
327 367
366 367
328 368
367 368
329 369
368 369
369 370
331 371
370 371
332 372
371 372
333 373
372 373
334 374
373 374
335 375
374 375
336 376
375 376
337 377
376 377
338 378
377 378
339 379
378 379
340 380
379 380
341 381
380 381
342 382
381 382
343 383
382 383
344 384
345 385
346 386
385 386
347 387
386 387
348 388
388 389
389 390
390 391
352 392
391 392
353 393
392 393
354 394
393 394
355 395
356 396
395 396
357 397
396 397
358 398
359 399
398 399
360 400
399 400
361 401
362 402
401 402
363 403
402 403
364 404
365 405
404 405
366 406
405 406
367 407
406 407
368 408
407 408
369 409
408 409
370 410
409 410
371 411
410 411
373 413
412 413
374 414
413 414
375 415
414 415
376 416
415 416
377 417
416 417
378 418
417 418
379 419
380 420
419 420
381 421
420 421
382 422
421 422
383 423
422 423
384 424
423 424
385 425
424 425
386 426
425 426
387 427
426 427
388 428
427 428
389 429
428 429
390 430
429 430
391 431
430 431
392 432
431 432
393 433
432 433
394 434
395 435
434 435
396 436
397 437
436 437
437 438
399 439
438 439
400 440
439 440
401 441
402 442
441 442
403 443
404 444
405 445
444 445
406 446
445 446
447 448
448 449
410 450
449 450
411 451
450 451
451 452
413 453
452 453
414 454
415 455
454 455
455 456
417 457
456 457
418 458
457 458
419 459
458 459
420 460
459 460
421 461
460 461
422 462
461 462
423 463
462 463
424 464
463 464
425 465
464 465
426 466
465 466
427 467
428 468
467 468
429 469
468 469
430 470
469 470
431 471
432 472
471 472
433 473
472 473
434 474
473 474
435 475
474 475
436 476
475 476
476 477
477 478
439 479
440 480
479 480
442 482
481 482
443 483
444 484
483 484
445 485
484 485
446 486
447 487
486 487
448 488
487 488
449 489
488 489
450 490
489 490
451 491
490 491
491 492
453 493
492 493
454 494
493 494
494 495
495 496
457 497
496 497
458 498
459 499
498 499
460 500
499 500
461 501
500 501
462 502
463 503
502 503
464 504
503 504
465 505
466 506
505 506
467 507
506 507
468 508
507 508
508 509
509 510
510 511
472 512
473 513
512 513
474 514
513 514
514 515
476 516
477 517
516 517
479 519
518 519
480 520
519 520
482 522
521 522
483 523
484 524
485 525
524 525
486 526
487 527
526 527
488 528
527 528
489 529
528 529
490 530
491 531
492 532
531 532
493 533
494 534
533 534
495 535
534 535
496 536
535 536
498 538
499 539
538 539
539 540
501 541
540 541
541 542
503 543
542 543
504 544
543 544
505 545
544 545
545 546
507 547
546 547
508 548
547 548
509 549
548 549
510 550
549 550
513 553
552 553
553 554
515 555
554 555
516 556
517 557
556 557
518 558
519 559
558 559
520 560
521 561
561 562
523 563
562 563
563 564
525 565
565 566
527 567
566 567
528 568
567 568
529 569
568 569
530 570
569 570
531 571
570 571
571 572
533 573
534 574
573 574
535 575
574 575
536 576
576 577
538 578
577 578
539 579
540 580
579 580
580 581
542 582
543 583
544 584
583 584
545 585
584 585
546 586
585 586
586 587
548 588
588 589
550 590
589 590
551 591
590 591
552 592
591 592
553 593
592 593
554 594
593 594
555 595
556 596
595 596
557 597
596 597
558 598
597 598
559 599
598 599
561 601
562 602
601 602
563 603
602 603
564 604
603 604
565 605
604 605
605 606
567 607
606 607
568 608
607 608
569 609
608 609
570 610
609 610
571 611
610 611
572 612
611 612
612 613
613 614
575 615
614 615
576 616
616 617
617 618
579 619
618 619
580 620
619 620
581 621
620 621
582 622
621 622
583 623
622 623
584 624
623 624
585 625
624 625
586 626
587 627
626 627
588 628
627 628
589 629
628 629
629 630
591 631
630 631
592 632
631 632
593 633
632 633
594 634
633 634
595 635
634 635
596 636
635 636
597 637
636 637
598 638
637 638
638 639
600 640
639 640
601 641
602 642
641 642
603 643
642 643
604 644
643 644
605 645
644 645
607 647
646 647
647 648
609 649
648 649
610 650
649 650
611 651
650 651
612 652
651 652
613 653
614 654
653 654
615 655
654 655
655 656
617 657
656 657
618 658
619 659
658 659
620 660
659 660
621 661
660 661
622 662
661 662
623 663
662 663
624 664
625 665
664 665
626 666
665 666
627 667
628 668
667 668
629 669
668 669
669 670
632 672
672 673
673 674
635 675
674 675
636 676
675 676
637 677
676 677
677 678
639 679
678 679
679 680
641 681
681 682
643 683
682 683
644 684
645 685
684 685
646 686
685 686
647 687
686 687
648 688
687 688
649 689
688 689
650 690
689 690
690 691
652 692
691 692
653 693
692 693
654 694
693 694
694 695
656 696
695 696
657 697
696 697
658 698
697 698
659 699
660 700
699 700
662 702
701 702
702 703
664 704
665 705
704 705
705 706
706 707
668 708
707 708
669 709
708 709
670 710
671 711
710 711
672 712
711 712
674 714
675 715
714 715
676 716
715 716
716 717
717 718
679 719
718 719
680 720
681 721
682 722
721 722
683 723
722 723
684 724
723 724
685 725
724 725
687 727
688 728
727 728
689 729
728 729
690 730
729 730
691 731
730 731
693 733
732 733
696 736
735 736
697 737
736 737
698 738
737 738
699 739
738 739
700 740
739 740
701 741
740 741
702 742
741 742
703 743
742 743
704 744
743 744
705 745
744 745
745 746
707 747
708 748
747 748
748 749
710 750
749 750
711 751
712 752
751 752
753 754
715 755
716 756
755 756
717 757
756 757
718 758
757 758
719 759
720 760
759 760
761 762
723 763
724 764
763 764
725 765
764 765
726 766
765 766
727 767
766 767
728 768
767 768
768 769
730 770
769 770
770 771
732 772
733 773
772 773
734 774
773 774
735 775
737 777
776 777
738 778
777 778
739 779
778 779
779 780
780 781
742 782
781 782
743 783
782 783
744 784
783 784
745 785
784 785
746 786
785 786
748 788
787 788
749 789
788 789
750 790
790 791
791 792
753 793
792 793
754 794
793 794
755 795
756 796
757 797
796 797
797 798
759 799
798 799
760 800
799 800
762 802
801 802
763 803
764 804
765 805
804 805
766 806
767 807
806 807
768 808
807 808
769 809
808 809
770 810
809 810
771 811
810 811
772 812
811 812
773 813
812 813
774 814
813 814
775 815
776 816
815 816
777 817
816 817
778 818
779 819
818 819
819 820
781 821
820 821
782 822
821 822
783 823
822 823
784 824
823 824
785 825
824 825
786 826
825 826
787 827
826 827
788 828
789 829
828 829
790 830
829 830
791 831
830 831
792 832
831 832
793 833
832 833
794 834
833 834
795 835
834 835
796 836
835 836
797 837
836 837
798 838
799 839
838 839
839 840
801 841
802 842
841 842
803 843
843 844
805 845
806 846
845 846
807 847
847 848
809 849
848 849
849 850
811 851
850 851
812 852
851 852
813 853
814 854
853 854
815 855
816 856
817 857
856 857
818 858
857 858
819 859
858 859
820 860
859 860
821 861
860 861
822 862
861 862
824 864
863 864
864 865
826 866
865 866
866 867
828 868
867 868
868 869
830 870
869 870
831 871
870 871
832 872
871 872
872 873
873 874
874 875
836 876
875 876
837 877
838 878
877 878
878 879
840 880
879 880
841 881
842 882
843 883
882 883
844 884
883 884
845 885
846 886
885 886
847 887
886 887
848 888
887 888
850 890
889 890
890 891
852 892
891 892
853 893
854 894
893 894
855 895
894 895
895 896
896 897
897 898
859 899
898 899
860 900
899 900
861 901
862 902
863 903
902 903
864 904
865 905
904 905
866 906
905 906
906 907
869 909
908 909
870 910
909 910
871 911
910 911
872 912
911 912
873 913
912 913
874 914
913 914
915 916
916 917
878 918
917 918
918 919
880 920
881 921
882 922
921 922
884 924
923 924
924 925
886 926
925 926
887 927
926 927
927 928
889 929
928 929
890 930
929 930
930 931
931 932
893 933
932 933
933 934
895 935
934 935
896 936
936 937
898 938
899 939
900 940
939 940
901 941
940 941
902 942
942 943
904 944
943 944
905 945
944 945
906 946
946 947
908 948
947 948
909 949
948 949
949 950
911 951
950 951
951 952
913 953
952 953
914 954
953 954
915 955
954 955
916 956
955 956
917 957
956 957
918 958
957 958
958 959
920 960
959 960
922 962
961 962
923 963
962 963
924 964
963 964
964 965
926 966
965 966
927 967
966 967
928 968
967 968
929 969
968 969
930 970
931 971
932 972
971 972
933 973
973 974
935 975
974 975
936 976
937 977
976 977
938 978
977 978
978 979
940 980
979 980
942 982
943 983
944 984
983 984
946 986
985 986
947 987
986 987
948 988
987 988
949 989
988 989
950 990
989 990
951 991
990 991
952 992
991 992
953 993
992 993
954 994
955 995
994 995
956 996
995 996
996 997
958 998
997 998
959 999
998 999
960 1000
999 1000
962 1002
1001 1002
963 1003
964 1004
1003 1004
965 1005
1004 1005
966 1006
967 1007
1006 1007
968 1008
969 1009
1008 1009
970 1010
1009 1010
971 1011
1010 1011
1011 1012
973 1013
1012 1013
974 1014
1013 1014
975 1015
1014 1015
977 1017
1016 1017
978 1018
1017 1018
1018 1019
1019 1020
981 1021
1020 1021
982 1022
1021 1022
983 1023
1022 1023
984 1024
1023 1024
985 1025
986 1026
1025 1026
987 1027
1026 1027
988 1028
1027 1028
1028 1029
1029 1030
1030 1031
992 1032
1031 1032
993 1033
1032 1033
994 1034
1033 1034
995 1035
1034 1035
996 1036
1035 1036
1036 1037
998 1038
1037 1038
999 1039
1038 1039
1000 1040
1001 1041
1002 1042
1041 1042
1042 1043
1004 1044
1005 1045
1044 1045
1045 1046
1007 1047
1008 1048
1047 1048
1009 1049
1048 1049
1010 1050
1049 1050
1011 1051
1050 1051
1012 1052
1051 1052
1013 1053
1014 1054
1053 1054
1015 1055
1054 1055
1016 1056
1055 1056
1017 1057
1056 1057
1057 1058
1019 1059
1059 1060
1021 1061
1060 1061
1022 1062
1023 1063
1062 1063
1063 1064
1025 1065
1064 1065
1026 1066
1065 1066
1027 1067
1066 1067
1028 1068
1067 1068
1029 1069
1068 1069
1030 1070
1069 1070
1031 1071
1070 1071
1032 1072
1071 1072
1072 1073
1034 1074
1035 1075
1074 1075
1036 1076
1075 1076
1037 1077
1076 1077
1038 1078
1077 1078
1039 1079
1078 1079
1040 1080
1079 1080
1041 1081
1042 1082
1081 1082
1043 1083
1082 1083
1044 1084
1083 1084
1045 1085
1084 1085
1046 1086
1085 1086
1047 1087
1086 1087
1048 1088
1087 1088
1049 1089
1088 1089
1050 1090
1089 1090
1051 1091
1090 1091
1091 1092
1053 1093
1054 1094
1093 1094
1055 1095
1094 1095
1056 1096
1095 1096
1057 1097
1096 1097
1058 1098
1059 1099
1098 1099
1060 1100
1099 1100
1061 1101
1100 1101
1062 1102
1101 1102
1102 1103
1064 1104
1065 1105
1104 1105
1105 1106
1067 1107
1106 1107
1068 1108
1107 1108
1070 1110
1109 1110
1071 1111
1110 1111
1072 1112
1111 1112
1073 1113
1112 1113
1074 1114
1113 1114
1075 1115
1114 1115
1076 1116
1115 1116
1077 1117
1078 1118
1117 1118
1079 1119
1118 1119
1081 1121
1082 1122
1121 1122
1083 1123
1084 1124
1123 1124
1085 1125
1124 1125
1086 1126
1125 1126
1087 1127
1126 1127
1088 1128
1127 1128
1089 1129
1128 1129
1129 1130
1091 1131
1131 1132
1093 1133
1132 1133
1133 1134
1095 1135
1134 1135
1096 1136
1135 1136
1097 1137
1136 1137
1098 1138
1099 1139
1138 1139
1100 1140
1139 1140
1101 1141
1140 1141
1102 1142
1141 1142
1103 1143
1104 1144
1143 1144
1105 1145
1144 1145
1106 1146
1145 1146
1107 1147
1146 1147
1147 1148
1109 1149
1148 1149
1110 1150
1112 1152
1151 1152
1113 1153
1152 1153
1114 1154
1153 1154
1115 1155
1155 1156
1117 1157
1156 1157
1118 1158
1157 1158
1158 1159
1120 1160
1121 1161
1122 1162
1123 1163
1162 1163
1124 1164
1163 1164
1125 1165
1164 1165
1126 1166
1165 1166
1127 1167
1166 1167
1128 1168
1129 1169
1168 1169
1169 1170
1131 1171
1170 1171
1132 1172
1171 1172
1172 1173
1134 1174
1173 1174
1174 1175
1136 1176
1175 1176
1137 1177
1176 1177
1138 1178
1177 1178
1139 1179
1178 1179
1140 1180
1179 1180
1180 1181
1142 1182
1181 1182
1143 1183
1182 1183
1183 1184
1145 1185
1184 1185
1146 1186
1185 1186
1147 1187
1186 1187
1148 1188
1187 1188
1149 1189
1188 1189
1150 1190
1151 1191
1152 1192
1191 1192
1192 1193
1154 1194
1193 1194
1155 1195
1194 1195
1195 1196
1157 1197
1196 1197
1158 1198
1197 1198
1159 1199
1198 1199
1160 1200
1201 1202
1163 1203
1202 1203
1164 1204
1203 1204
1165 1205
1204 1205
1205 1206
1167 1207
1206 1207
1168 1208
1207 1208
1208 1209
1209 1210
1171 1211
1210 1211
1172 1212
1173 1213
1212 1213
1174 1214
1175 1215
1214 1215
1176 1216
1215 1216
1177 1217
1217 1218
1179 1219
1218 1219
1180 1220
1219 1220
1181 1221
1182 1222
1221 1222
1183 1223
1222 1223
1223 1224
1224 1225
1186 1226
1226 1227
1188 1228
1227 1228
1189 1229
1190 1230
1229 1230
1191 1231
1230 1231
1231 1232
1193 1233
1232 1233
1194 1234
1233 1234
1195 1235
1234 1235
1196 1236
1235 1236
1197 1237
1236 1237
1237 1238
1238 1239
1202 1242
1241 1242
1203 1243
1243 1244
1205 1245
1244 1245
1206 1246
1245 1246
1246 1247
1208 1248
1247 1248
1248 1249
1249 1250
1211 1251
1250 1251
1251 1252
1213 1253
1252 1253
1214 1254
1253 1254
1254 1255
1216 1256
1255 1256
1217 1257
1218 1258
1257 1258
1219 1259
1258 1259
1220 1260
1259 1260
1221 1261
1260 1261
1222 1262
1261 1262
1223 1263
1262 1263
1264 1265
1226 1266
1265 1266
1266 1267
1228 1268
1267 1268
1229 1269
1268 1269
1230 1270
1269 1270
1231 1271
1270 1271
1232 1272
1272 1273
1273 1274
1274 1275
1236 1276
1275 1276
1237 1277
1276 1277
1277 1278
1239 1279
1278 1279
1240 1280
1279 1280
1241 1281
1242 1282
1281 1282
1282 1283
1244 1284
1245 1285
1284 1285
1246 1286
1285 1286
1247 1287
1248 1288
1287 1288
1249 1289
1288 1289
1289 1290
1251 1291
1290 1291
1252 1292
1253 1293
1292 1293
1254 1294
1255 1295
1294 1295
1256 1296
1295 1296
1257 1297
1296 1297
1258 1298
1259 1299
1298 1299
1260 1300
1299 1300
1300 1301
1301 1302
1302 1303
1264 1304
1303 1304
1265 1305
1304 1305
1266 1306
1305 1306
1267 1307
1306 1307
1268 1308
1307 1308
1269 1309
1308 1309
1270 1310
1271 1311
1272 1312
1311 1312
1273 1313
1312 1313
1274 1314
1313 1314
1275 1315
1314 1315
1276 1316
1315 1316
1316 1317
1278 1318
1318 1319
1280 1320
1319 1320
1282 1322
1321 1322
1283 1323
1322 1323
1284 1324
1323 1324
1324 1325
1286 1326
1325 1326
1326 1327
1327 1328
1289 1329
1290 1330
1329 1330
1291 1331
1330 1331
1292 1332
1331 1332
1293 1333
1332 1333
1294 1334
1333 1334
1296 1336
1335 1336
1298 1338
1337 1338
1299 1339
1338 1339
1339 1340
1301 1341
1302 1342
1341 1342
1303 1343
1342 1343
1304 1344
1343 1344
1305 1345
1344 1345
1345 1346
1346 1347
1308 1348
1347 1348
1309 1349
1348 1349
1349 1350
1311 1351
1350 1351
1312 1352
1351 1352
1313 1353
1352 1353
1314 1354
1353 1354
1315 1355
1354 1355
1316 1356
1355 1356
1317 1357
1318 1358
1357 1358
1319 1359
1358 1359
1320 1360
1359 1360
1321 1361
1361 1362
1323 1363
1362 1363
1324 1364
1363 1364
1364 1365
1365 1366
1327 1367
1366 1367
1328 1368
1367 1368
1329 1369
1368 1369
1330 1370
1331 1371
1370 1371
1371 1372
1372 1373
1334 1374
1373 1374
1335 1375
1374 1375
1336 1376
1375 1376
1337 1377
1376 1377
1338 1378
1339 1379
1378 1379
1340 1380
1379 1380
1341 1381
1342 1382
1381 1382
1343 1383
1382 1383
1344 1384
1383 1384
1346 1386
1385 1386
1347 1387
1386 1387
1348 1388
1349 1389
1388 1389
1350 1390
1389 1390
1351 1391
1390 1391
1352 1392
1391 1392
1353 1393
1392 1393
1354 1394
1393 1394
1355 1395
1394 1395
1356 1396
1395 1396
1357 1397
1396 1397
1358 1398
1397 1398
1359 1399
1398 1399
1360 1400
1399 1400
1361 1401
1362 1402
1401 1402
1363 1403
1402 1403
1364 1404
1403 1404
1365 1405
1366 1406
1405 1406
1406 1407
1368 1408
1407 1408
1369 1409
1408 1409
1370 1410
1409 1410
1410 1411
1372 1412
1411 1412
1373 1413
1412 1413
1413 1414
1414 1415
1415 1416
1377 1417
1416 1417
1378 1418
1417 1418
1379 1419
1380 1420
1419 1420
1381 1421
1420 1421
1382 1422
1421 1422
1383 1423
1422 1423
1384 1424
1423 1424
1385 1425
1386 1426
1425 1426
1387 1427
1426 1427
1388 1428
1427 1428
1389 1429
1428 1429
1390 1430
1429 1430
1391 1431
1430 1431
1392 1432
1431 1432
1393 1433
1432 1433
1394 1434
1433 1434
1395 1435
1396 1436
1435 1436
1397 1437
1436 1437
1398 1438
1437 1438
1399 1439
1438 1439
1400 1440
1439 1440
1401 1441
1402 1442
1441 1442
1403 1443
1442 1443
1404 1444
1443 1444
1405 1445
1444 1445
1406 1446
1445 1446
1407 1447
1446 1447
1408 1448
1447 1448
1409 1449
1448 1449
1410 1450
1449 1450
1411 1451
1412 1452
1451 1452
1413 1453
1452 1453
1414 1454
1453 1454
1454 1455
1417 1457
1456 1457
1457 1458
1419 1459
1458 1459
1459 1460
1421 1461
1460 1461
1461 1462
1423 1463
1462 1463
1424 1464
1463 1464
1425 1465
1464 1465
1426 1466
1465 1466
1427 1467
1466 1467
1428 1468
1467 1468
1429 1469
1469 1470
1431 1471
1470 1471
1432 1472
1471 1472
1433 1473
1434 1474
1473 1474
1435 1475
1474 1475
1436 1476
1475 1476
1437 1477
1476 1477
1438 1478
1477 1478
1439 1479
1478 1479
1440 1480
1479 1480
1442 1482
1481 1482
1443 1483
1482 1483
1444 1484
1483 1484
1446 1486
1485 1486
1447 1487
1486 1487
1448 1488
1487 1488
1449 1489
1488 1489
1450 1490
1451 1491
1490 1491
1452 1492
1491 1492
1453 1493
1492 1493
1454 1494
1493 1494
1494 1495
1456 1496
1495 1496
1457 1497
1458 1498
1497 1498
1459 1499
1498 1499
1499 1500
1500 1501
1462 1502
1501 1502
1463 1503
1502 1503
1464 1504
1503 1504
1465 1505
1466 1506
1505 1506
1467 1507
1468 1508
1469 1509
1508 1509
1470 1510
1509 1510
1510 1511
1472 1512
1511 1512
1473 1513
1512 1513
1474 1514
1475 1515
1476 1516
1516 1517
1478 1518
1479 1519
1518 1519
1480 1520
1519 1520
1481 1521
1482 1522
1521 1522
1483 1523
1522 1523
1484 1524
1485 1525
1486 1526
1525 1526
1487 1527
1527 1528
1489 1529
1528 1529
1530 1531
1492 1532
1531 1532
1493 1533
1532 1533
1494 1534
1533 1534
1495 1535
1496 1536
1535 1536
1497 1537
1536 1537
1498 1538
1537 1538
1499 1539
1539 1540
1501 1541
1540 1541
1502 1542
1503 1543
1542 1543
1504 1544
1543 1544
1505 1545
1544 1545
1545 1546
1546 1547
1508 1548
1547 1548
1509 1549
1548 1549
1510 1550
1549 1550
1512 1552
1551 1552
1513 1553
1552 1553
1514 1554
1553 1554
1515 1555
1554 1555
1517 1557
1518 1558
1557 1558
1519 1559
1558 1559
1520 1560
1559 1560
1521 1561
1522 1562
1561 1562
1523 1563
1562 1563
1524 1564
1563 1564
1525 1565
1564 1565
1527 1567
1566 1567
1528 1568
1529 1569
1568 1569
1530 1570
1569 1570
1570 1571
1571 1572
1572 1573
1534 1574
1573 1574
1575 1576
1537 1577
1576 1577
1577 1578
1539 1579
1540 1580
1579 1580
1541 1581
1580 1581
1542 1582
1581 1582
1543 1583
1582 1583
1583 1584
1545 1585
1584 1585
1585 1586
1547 1587
1586 1587
1548 1588
1549 1589
1588 1589
1550 1590
1589 1590
1551 1591
1590 1591
1552 1592
1591 1592
1592 1593
1554 1594
1593 1594
1594 1595
1595 1596
1596 1597
1558 1598
1559 1599
1598 1599
1560 1600
1599 1600
