3136 4958
1 2
2 3
4 5
5 6
6 7
7 8
8 9
9 10
10 11
11 12
12 13
14 15
15 16
16 17
20 21
23 24
26 27
27 28
28 29
29 30
30 31
31 32
32 33
33 34
34 35
35 36
38 39
39 40
40 41
41 42
42 43
43 44
44 45
45 46
46 47
47 48
48 49
50 51
51 52
52 53
53 54
54 55
55 56
1 57
2 58
57 58
3 59
58 59
4 60
59 60
5 61
60 61
6 62
61 62
7 63
62 63
8 64
9 65
64 65
10 66
65 66
11 67
66 67
12 68
67 68
13 69
14 70
69 70
15 71
70 71
16 72
71 72
17 73
18 74
73 74
19 75
20 76
75 76
21 77
76 77
22 78
77 78
23 79
78 79
24 80
79 80
25 81
80 81
26 82
81 82
27 83
82 83
83 84
29 85
84 85
30 86
31 87
32 88
87 88
33 89
88 89
34 90
89 90
35 91
90 91
36 92
91 92
37 93
92 93
38 94
39 95
94 95
40 96
41 97
96 97
42 98
97 98
43 99
44 100
99 100
45 101
100 101
46 102
47 103
102 103
48 104
103 104
49 105
50 106
105 106
51 107
106 107
52 108
107 108
53 109
108 109
54 110
55 111
110 111
56 112
111 112
57 113
58 114
113 114
59 115
114 115
115 116
61 117
116 117
62 118
117 118
63 119
118 119
64 120
65 121
120 121
66 122
121 122
67 123
68 124
123 124
69 125
125 126
71 127
126 127
72 128
73 129
74 130
129 130
75 131
130 131
76 132
131 132
132 133
78 134
79 135
134 135
80 136
81 137
82 138
137 138
138 139
84 140
139 140
85 141
140 141
86 142
141 142
87 143
142 143
88 144
89 145
144 145
90 146
145 146
91 147
146 147
92 148
147 148
93 149
148 149
94 150
149 150
95 151
96 152
151 152
97 153
99 155
154 155
100 156
155 156
101 157
156 157
157 158
158 159
104 160
159 160
105 161
106 162
161 162
107 163
162 163
108 164
163 164
109 165
164 165
110 166
165 166
111 167
166 167
167 168
113 169
114 170
169 170
115 171
170 171
171 172
172 173
118 174
173 174
119 175
174 175
120 176
175 176
121 177
176 177
122 178
177 178
123 179
178 179
124 180
179 180
125 181
180 181
126 182
181 182
127 183
182 183
128 184
183 184
129 185
184 185
130 186
185 186
131 187
186 187
132 188
187 188
133 189
188 189
135 191
190 191
136 192
137 193
192 193
138 194
193 194
139 195
194 195
140 196
141 197
196 197
142 198
197 198
143 199
198 199
144 200
199 200
145 201
200 201
146 202
201 202
147 203
202 203
203 204
149 205
204 205
151 207
152 208
207 208
153 209
208 209
154 210
209 210
155 211
210 211
156 212
211 212
157 213
212 213
158 214
214 215
160 216
215 216
161 217
216 217
162 218
217 218
163 219
218 219
219 220
165 221
166 222
221 222
167 223
222 223
223 224
169 225
170 226
225 226
171 227
226 227
172 228
227 228
173 229
174 230
229 230
230 231
177 233
232 233
178 234
233 234
179 235
180 236
235 236
181 237
236 237
182 238
237 238
183 239
184 240
239 240
240 241
241 242
187 243
242 243
188 244
243 244
189 245
244 245
190 246
191 247
246 247
192 248
247 248
193 249
248 249
194 250
249 250
195 251
250 251
196 252
251 252
197 253
252 253
198 254
253 254
199 255
254 255
255 256
201 257
256 257
202 258
257 258
203 259
258 259
204 260
205 261
260 261
206 262
207 263
262 263
208 264
209 265
264 265
210 266
265 266
266 267
212 268
213 269
268 269
214 270
269 270
215 271
270 271
271 272
217 273
272 273
218 274
273 274
219 275
220 276
275 276
221 277
276 277
222 278
223 279
224 280
225 281
226 282
281 282
227 283
282 283
283 284
229 285
284 285
285 286
231 287
286 287
232 288
233 289
288 289
234 290
289 290
235 291
290 291
236 292
291 292
237 293
292 293
238 294
293 294
239 295
294 295
240 296
241 297
242 298
297 298
243 299
298 299
244 300
299 300
300 301
246 302
301 302
247 303
302 303
248 304
303 304
249 305
304 305
305 306
251 307
306 307
252 308
253 309
308 309
254 310
255 311
310 311
256 312
311 312
257 313
312 313
313 314
259 315
260 316
315 316
261 317
316 317
262 318
317 318
263 319
318 319
264 320
319 320
320 321
266 322
321 322
267 323
322 323
268 324
323 324
269 325
324 325
271 327
326 327
272 328
327 328
273 329
329 330
330 331
331 332
277 333
332 333
278 334
333 334
279 335
334 335
280 336
281 337
337 338
338 339
339 340
285 341
340 341
286 342
341 342
287 343
342 343
288 344
343 344
289 345
344 345
290 346
345 346
292 348
347 348
293 349
348 349
294 350
349 350
295 351
350 351
351 352
297 353
298 354
299 355
354 355
300 356
355 356
301 357
356 357
302 358
357 358
303 359
358 359
304 360
359 360
305 361
360 361
306 362
361 362
362 363
308 364
363 364
309 365
364 365
310 366
365 366
311 367
366 367
312 368
367 368
313 369
368 369
369 370
315 371
370 371
316 372
371 372
317 373
372 373
318 374
373 374
319 375
374 375
320 376
375 376
321 377
376 377
322 378
377 378
323 379
378 379
324 380
379 380
325 381
380 381
326 382
381 382
327 383
382 383
328 384
329 385
330 386
385 386
331 387
386 387
332 388
388 389
389 390
390 391
336 392
391 392
337 393
338 394
393 394
339 395
340 396
395 396
341 397
396 397
342 398
343 399
398 399
344 400
399 400
345 401
400 401
346 402
401 402
347 403
402 403
348 404
349 405
404 405
350 406
405 406
351 407
406 407
352 408
407 408
353 409
408 409
354 410
409 410
355 411
410 411
357 413
412 413
358 414
413 414
359 415
414 415
360 416
415 416
361 417
416 417
362 418
417 418
363 419
364 420
419 420
365 421
420 421
366 422
421 422
367 423
422 423
368 424
423 424
369 425
424 425
370 426
425 426
371 427
426 427
372 428
427 428
373 429
428 429
374 430
429 430
375 431
430 431
376 432
431 432
377 433
432 433
378 434
379 435
434 435
380 436
381 437
436 437
437 438
383 439
438 439
384 440
439 440
385 441
440 441
386 442
441 442
387 443
388 444
389 445
444 445
390 446
445 446
447 448
394 450
449 450
395 451
450 451
451 452
397 453
452 453
398 454
399 455
454 455
455 456
401 457
456 457
402 458
457 458
403 459
458 459
404 460
459 460
405 461
460 461
406 462
461 462
407 463
462 463
408 464
463 464
409 465
464 465
410 466
465 466
411 467
412 468
467 468
413 469
468 469
414 470
469 470
415 471
416 472
471 472
417 473
472 473
418 474
473 474
419 475
474 475
420 476
475 476
476 477
477 478
423 479
424 480
479 480
426 482
481 482
427 483
428 484
483 484
429 485
484 485
430 486
431 487
486 487
432 488
487 488
433 489
488 489
434 490
489 490
435 491
490 491
491 492
437 493
492 493
438 494
493 494
494 495
495 496
441 497
496 497
442 498
443 499
498 499
444 500
499 500
445 501
500 501
446 502
447 503
502 503
448 504
503 504
449 505
450 506
505 506
451 507
506 507
452 508
507 508
508 509
509 510
510 511
456 512
457 513
512 513
458 514
513 514
514 515
460 516
461 517
516 517
463 519
518 519
464 520
519 520
520 521
466 522
467 523
468 524
469 525
524 525
470 526
471 527
526 527
472 528
527 528
473 529
528 529
474 530
475 531
476 532
531 532
477 533
478 534
533 534
479 535
534 535
480 536
535 536
482 538
483 539
538 539
539 540
485 541
540 541
541 542
487 543
542 543
488 544
543 544
489 545
544 545
545 546
491 547
546 547
492 548
547 548
493 549
548 549
494 550
549 550
497 553
552 553
553 554
499 555
554 555
500 556
501 557
556 557
502 558
503 559
558 559
504 560
505 561
561 562
507 563
562 563
563 564
509 565
565 566
511 567
566 567
512 568
567 568
513 569
568 569
514 570
569 570
515 571
570 571
571 572
517 573
518 574
573 574
519 575
574 575
520 576
576 577
522 578
577 578
523 579
524 580
579 580
580 581
526 582
527 583
528 584
583 584
529 585
584 585
530 586
585 586
586 587
532 588
588 589
534 590
589 590
535 591
590 591
536 592
591 592
537 593
592 593
538 594
593 594
539 595
540 596
595 596
541 597
596 597
542 598
597 598
543 599
598 599
545 601
600 601
546 602
601 602
547 603
602 603
548 604
603 604
549 605
604 605
605 606
551 607
606 607
552 608
607 608
553 609
608 609
554 610
609 610
555 611
610 611
556 612
611 612
612 613
613 614
559 615
614 615
560 616
617 618
563 619
618 619
564 620
619 620
565 621
620 621
566 622
621 622
567 623
622 623
568 624
623 624
569 625
624 625
570 626
571 627
626 627
572 628
627 628
573 629
628 629
629 630
575 631
630 631
576 632
631 632
577 633
632 633
578 634
633 634
579 635
634 635
580 636
635 636
581 637
636 637
582 638
637 638
638 639
584 640
639 640
585 641
640 641
586 642
641 642
587 643
642 643
588 644
643 644
589 645
644 645
591 647
646 647
647 648
593 649
648 649
594 650
649 650
595 651
650 651
596 652
651 652
597 653
598 654
653 654
599 655
654 655
655 656
601 657
656 657
602 658
603 659
658 659
604 660
659 660
605 661
660 661
606 662
661 662
607 663
662 663
608 664
609 665
664 665
610 666
665 666
611 667
612 668
667 668
613 669
668 669
669 670
616 672
673 674
619 675
674 675
620 676
675 676
621 677
676 677
677 678
623 679
678 679
679 680
625 681
680 681
681 682
627 683
682 683
628 684
629 685
684 685
630 686
685 686
631 687
686 687
632 688
687 688
633 689
688 689
634 690
689 690
690 691
636 692
691 692
637 693
692 693
638 694
693 694
694 695
640 696
695 696
641 697
696 697
642 698
697 698
643 699
644 700
699 700
646 702
701 702
702 703
648 704
649 705
704 705
705 706
706 707
652 708
707 708
653 709
708 709
654 710
655 711
710 711
656 712
711 712
658 714
659 715
714 715
660 716
715 716
716 717
717 718
663 719
718 719
664 720
665 721
720 721
666 722
721 722
667 723
722 723
668 724
723 724
669 725
724 725
671 727
672 728
727 728
673 729
674 730
729 730
675 731
730 731
677 733
732 733
680 736
735 736
681 737
736 737
682 738
737 738
683 739
738 739
684 740
739 740
685 741
740 741
686 742
741 742
687 743
742 743
688 744
743 744
689 745
744 745
745 746
691 747
692 748
747 748
748 749
694 750
749 750
695 751
696 752
751 752
753 754
699 755
700 756
755 756
701 757
756 757
702 758
757 758
703 759
704 760
759 760
760 761
761 762
707 763
708 764
763 764
709 765
764 765
710 766
765 766
711 767
766 767
712 768
767 768
768 769
714 770
769 770
770 771
716 772
717 773
772 773
718 774
773 774
719 775
721 777
776 777
722 778
777 778
723 779
778 779
779 780
780 781
726 782
781 782
727 783
782 783
728 784
783 784
729 785
730 786
785 786
732 788
787 788
733 789
788 789
734 790
790 791
791 792
737 793
792 793
738 794
793 794
739 795
740 796
741 797
796 797
797 798
743 799
798 799
744 800
799 800
800 801
746 802
801 802
747 803
748 804
749 805
804 805
750 806
751 807
806 807
752 808
807 808
753 809
808 809
754 810
809 810
755 811
810 811
756 812
811 812
757 813
812 813
758 814
813 814
759 815
760 816
815 816
761 817
816 817
762 818
763 819
818 819
819 820
765 821
820 821
766 822
821 822
767 823
822 823
768 824
823 824
769 825
824 825
770 826
825 826
771 827
826 827
772 828
773 829
828 829
774 830
829 830
775 831
830 831
776 832
831 832
777 833
832 833
778 834
833 834
779 835
834 835
780 836
835 836
781 837
836 837
782 838
783 839
838 839
839 840
785 841
786 842
841 842
787 843
843 844
789 845
790 846
845 846
791 847
847 848
793 849
848 849
849 850
795 851
850 851
796 852
851 852
797 853
798 854
853 854
799 855
800 856
801 857
856 857
802 858
857 858
803 859
858 859
804 860
859 860
805 861
860 861
806 862
861 862
808 864
863 864
864 865
810 866
865 866
866 867
812 868
867 868
868 869
814 870
869 870
815 871
870 871
816 872
871 872
872 873
873 874
874 875
820 876
875 876
821 877
822 878
877 878
878 879
824 880
879 880
825 881
826 882
827 883
882 883
828 884
883 884
829 885
830 886
885 886
831 887
886 887
832 888
887 888
834 890
889 890
890 891
836 892
891 892
837 893
838 894
893 894
839 895
894 895
895 896
897 898
843 899
898 899
844 900
899 900
845 901
846 902
847 903
902 903
848 904
849 905
904 905
850 906
905 906
906 907
853 909
908 909
854 910
909 910
855 911
910 911
856 912
911 912
857 913
912 913
858 914
913 914
915 916
916 917
862 918
917 918
918 919
864 920
865 921
920 921
866 922
868 924
923 924
924 925
870 926
925 926
871 927
926 927
927 928
873 929
928 929
874 930
929 930
930 931
931 932
877 933
932 933
933 934
879 935
934 935
880 936
936 937
882 938
883 939
884 940
939 940
885 941
940 941
886 942
942 943
888 944
943 944
889 945
944 945
890 946
946 947
892 948
947 948
893 949
948 949
949 950
895 951
950 951
951 952
897 953
898 954
953 954
899 955
954 955
900 956
955 956
901 957
956 957
902 958
957 958
958 959
904 960
959 960
960 961
906 962
961 962
907 963
962 963
908 964
963 964
964 965
910 966
965 966
911 967
966 967
912 968
967 968
913 969
968 969
914 970
915 971
916 972
971 972
917 973
973 974
919 975
974 975
920 976
921 977
976 977
922 978
977 978
978 979
924 980
979 980
926 982
927 983
928 984
983 984
930 986
985 986
931 987
986 987
932 988
987 988
933 989
988 989
934 990
989 990
935 991
990 991
936 992
991 992
937 993
992 993
938 994
939 995
994 995
940 996
995 996
996 997
942 998
997 998
943 999
998 999
944 1000
999 1000
1000 1001
946 1002
1001 1002
947 1003
948 1004
1003 1004
949 1005
1004 1005
950 1006
951 1007
1006 1007
952 1008
953 1009
954 1010
1009 1010
955 1011
1010 1011
1011 1012
957 1013
1012 1013
958 1014
1013 1014
959 1015
1014 1015
961 1017
1016 1017
962 1018
1017 1018
1018 1019
1019 1020
965 1021
1020 1021
966 1022
1021 1022
967 1023
1022 1023
968 1024
1023 1024
969 1025
970 1026
1025 1026
971 1027
1026 1027
972 1028
1027 1028
1028 1029
1029 1030
1030 1031
976 1032
1031 1032
977 1033
1032 1033
978 1034
1033 1034
979 1035
1034 1035
980 1036
1035 1036
1036 1037
982 1038
1037 1038
983 1039
1038 1039
984 1040
985 1041
1040 1041
986 1042
1041 1042
1042 1043
988 1044
989 1045
1044 1045
1045 1046
991 1047
992 1048
1047 1048
993 1049
1048 1049
994 1050
1049 1050
995 1051
1050 1051
996 1052
1051 1052
997 1053
998 1054
1053 1054
999 1055
1054 1055
1000 1056
1055 1056
1001 1057
1056 1057
1057 1058
1003 1059
1059 1060
1005 1061
1060 1061
1006 1062
1007 1063
1062 1063
1063 1064
1009 1065
1010 1066
1065 1066
1011 1067
1066 1067
1012 1068
1067 1068
1013 1069
1068 1069
1014 1070
1069 1070
1015 1071
1070 1071
1016 1072
1071 1072
1072 1073
1018 1074
1019 1075
1074 1075
1020 1076
1075 1076
1021 1077
1076 1077
1022 1078
1077 1078
1023 1079
1078 1079
1024 1080
1079 1080
1025 1081
1080 1081
1026 1082
1081 1082
1027 1083
1082 1083
1028 1084
1083 1084
1029 1085
1084 1085
1030 1086
1085 1086
1031 1087
1086 1087
1032 1088
1087 1088
1033 1089
1088 1089
1034 1090
1089 1090
1035 1091
1090 1091
1091 1092
1037 1093
1038 1094
1093 1094
1039 1095
1094 1095
1040 1096
1095 1096
1041 1097
1096 1097
1042 1098
1043 1099
1098 1099
1044 1100
1099 1100
1045 1101
1100 1101
1046 1102
1101 1102
1102 1103
1048 1104
1049 1105
1104 1105
1105 1106
1051 1107
1106 1107
1052 1108
1107 1108
1054 1110
1109 1110
1055 1111
1110 1111
1056 1112
1111 1112
1057 1113
1112 1113
1058 1114
1113 1114
1059 1115
1114 1115
1060 1116
1115 1116
1061 1117
1062 1118
1117 1118
1063 1119
1118 1119
1065 1121
1066 1122
1121 1122
1067 1123
1068 1124
1123 1124
1069 1125
1124 1125
1070 1126
1125 1126
1071 1127
1126 1127
1072 1128
1127 1128
1073 1129
1128 1129
1129 1130
1075 1131
1131 1132
1077 1133
1132 1133
1133 1134
1079 1135
1134 1135
1080 1136
1135 1136
1081 1137
1136 1137
1082 1138
1083 1139
1138 1139
1084 1140
1139 1140
1085 1141
1140 1141
1086 1142
1141 1142
1087 1143
1088 1144
1143 1144
1089 1145
1144 1145
1090 1146
1145 1146
1091 1147
1146 1147
1147 1148
1093 1149
1148 1149
1094 1150
1096 1152
1151 1152
1097 1153
1152 1153
1098 1154
1153 1154
1099 1155
1155 1156
1101 1157
1156 1157
1102 1158
1157 1158
1158 1159
1104 1160
1105 1161
1106 1162
1107 1163
1162 1163
1108 1164
1163 1164
1109 1165
1164 1165
1110 1166
1165 1166
1111 1167
1166 1167
1112 1168
1113 1169
1168 1169
1169 1170
1115 1171
1170 1171
1116 1172
1171 1172
1172 1173
1118 1174
1173 1174
1174 1175
1120 1176
1175 1176
1121 1177
1122 1178
1177 1178
1123 1179
1178 1179
1124 1180
1179 1180
1180 1181
1126 1182
1181 1182
1127 1183
1182 1183
1183 1184
1129 1185
1184 1185
1130 1186
1185 1186
1131 1187
1186 1187
1132 1188
1187 1188
1133 1189
1188 1189
1134 1190
1135 1191
1136 1192
1191 1192
1192 1193
1138 1194
1193 1194
1139 1195
1194 1195
1195 1196
1141 1197
1196 1197
1142 1198
1197 1198
1143 1199
1198 1199
1144 1200
1200 1201
1201 1202
1147 1203
1202 1203
1148 1204
1203 1204
1149 1205
1204 1205
1205 1206
1151 1207
1206 1207
1152 1208
1207 1208
1208 1209
1209 1210
1155 1211
1210 1211
1156 1212
1157 1213
1212 1213
1158 1214
1159 1215
1214 1215
1160 1216
1215 1216
1161 1217
1217 1218
1163 1219
1218 1219
1164 1220
1219 1220
1165 1221
1166 1222
1221 1222
1167 1223
1222 1223
1223 1224
1224 1225
1170 1226
1226 1227
1172 1228
1227 1228
1173 1229
1174 1230
1229 1230
1175 1231
1230 1231
1231 1232
1177 1233
1178 1234
1233 1234
1179 1235
1234 1235
1180 1236
1235 1236
1181 1237
1236 1237
1237 1238
1238 1239
1186 1242
1241 1242
1187 1243
1243 1244
1189 1245
1244 1245
1190 1246
1245 1246
1246 1247
1192 1248
1247 1248
1248 1249
1249 1250
1195 1251
1250 1251
1251 1252
1197 1253
1252 1253
1198 1254
1253 1254
1254 1255
1200 1256
1255 1256
1201 1257
1202 1258
1257 1258
1203 1259
1258 1259
1204 1260
1259 1260
1205 1261
1260 1261
1206 1262
1261 1262
1207 1263
1262 1263
1264 1265
1210 1266
1265 1266
1266 1267
1212 1268
1267 1268
1213 1269
1268 1269
1214 1270
1269 1270
1215 1271
1270 1271
1216 1272
1272 1273
1273 1274
1274 1275
1220 1276
1275 1276
1221 1277
1276 1277
1277 1278
1223 1279
1278 1279
1224 1280
1279 1280
1225 1281
1280 1281
1226 1282
1281 1282
1282 1283
1228 1284
1229 1285
1284 1285
1230 1286
1285 1286
1231 1287
1232 1288
1287 1288
1233 1289
1289 1290
1235 1291
1290 1291
1236 1292
1237 1293
1292 1293
1238 1294
1239 1295
1294 1295
1240 1296
1295 1296
1241 1297
1296 1297
1242 1298
1243 1299
1298 1299
1244 1300
1299 1300
1300 1301
1301 1302
1302 1303
1248 1304
1303 1304
1249 1305
1304 1305
1250 1306
1305 1306
1251 1307
1306 1307
1252 1308
1307 1308
1253 1309
1308 1309
1254 1310
1255 1311
1256 1312
1311 1312
1257 1313
1312 1313
1258 1314
1313 1314
1259 1315
1314 1315
1260 1316
1315 1316
1316 1317
1262 1318
1318 1319
1264 1320
1319 1320
1266 1322
1321 1322
1267 1323
1322 1323
1268 1324
1323 1324
1324 1325
1270 1326
1325 1326
1326 1327
1327 1328
1273 1329
1274 1330
1329 1330
1275 1331
1330 1331
1276 1332
1331 1332
1277 1333
1332 1333
1278 1334
1333 1334
1280 1336
1335 1336
1282 1338
1337 1338
1283 1339
1338 1339
1339 1340
1285 1341
1286 1342
1341 1342
1287 1343
1342 1343
1288 1344
1343 1344
1289 1345
1345 1346
1346 1347
1292 1348
1347 1348
1293 1349
1348 1349
1349 1350
1295 1351
1350 1351
1296 1352
1351 1352
1297 1353
1352 1353
1298 1354
1353 1354
1299 1355
1354 1355
1300 1356
1355 1356
1301 1357
1302 1358
1357 1358
1303 1359
1358 1359
1304 1360
1359 1360
1305 1361
1360 1361
1361 1362
1307 1363
1362 1363
1308 1364
1363 1364
1364 1365
1365 1366
1311 1367
1366 1367
1312 1368
1367 1368
1313 1369
1368 1369
1314 1370
1315 1371
1370 1371
1371 1372
1372 1373
1318 1374
1373 1374
1319 1375
1374 1375
1320 1376
1375 1376
1321 1377
1376 1377
1322 1378
1323 1379
1378 1379
1324 1380
1379 1380
1325 1381
1326 1382
1381 1382
1327 1383
1382 1383
1328 1384
1383 1384
1330 1386
1385 1386
1331 1387
1386 1387
1332 1388
1333 1389
1388 1389
1334 1390
1389 1390
1335 1391
1390 1391
1336 1392
1391 1392
1337 1393
1392 1393
1338 1394
1393 1394
1339 1395
1394 1395
1340 1396
1395 1396
1341 1397
1396 1397
1342 1398
1397 1398
1343 1399
1398 1399
1344 1400
1399 1400
1345 1401
1346 1402
1401 1402
1347 1403
1402 1403
1348 1404
1403 1404
1349 1405
1350 1406
1405 1406
1406 1407
1352 1408
1407 1408
1353 1409
1408 1409
1354 1410
1409 1410
1410 1411
1356 1412
1411 1412
1357 1413
1412 1413
1413 1414
1414 1415
1415 1416
1361 1417
1416 1417
1362 1418
1417 1418
1363 1419
1364 1420
1419 1420
1365 1421
1420 1421
1366 1422
1421 1422
1367 1423
1422 1423
1368 1424
1423 1424
1369 1425
1370 1426
1425 1426
1371 1427
1426 1427
1372 1428
1427 1428
1373 1429
1428 1429
1374 1430
1429 1430
1375 1431
1430 1431
1376 1432
1431 1432
1377 1433
1432 1433
1378 1434
1433 1434
1379 1435
1380 1436
1435 1436
1381 1437
1436 1437
1382 1438
1437 1438
1383 1439
1438 1439
1384 1440
1439 1440
1385 1441
1386 1442
1441 1442
1387 1443
1442 1443
1388 1444
1443 1444
1389 1445
1444 1445
1390 1446
1445 1446
1391 1447
1446 1447
1392 1448
1447 1448
1393 1449
1448 1449
1394 1450
1449 1450
1395 1451
1396 1452
1451 1452
1397 1453
1452 1453
1398 1454
1453 1454
1454 1455
1401 1457
1457 1458
1403 1459
1458 1459
1459 1460
1405 1461
1460 1461
1461 1462
1407 1463
1462 1463
1408 1464
1463 1464
1409 1465
1464 1465
1410 1466
1465 1466
1411 1467
1466 1467
1412 1468
1467 1468
1413 1469
1469 1470
1415 1471
1470 1471
1416 1472
1471 1472
1417 1473
1418 1474
1473 1474
1419 1475
1474 1475
1420 1476
1475 1476
1421 1477
1476 1477
1422 1478
1477 1478
1423 1479
1478 1479
1424 1480
1479 1480
1426 1482
1481 1482
1427 1483
1482 1483
1428 1484
1483 1484
1430 1486
1485 1486
1431 1487
1486 1487
1432 1488
1487 1488
1433 1489
1488 1489
1434 1490
1435 1491
1490 1491
1436 1492
1491 1492
1437 1493
1492 1493
1438 1494
1493 1494
1494 1495
1440 1496
1495 1496
1441 1497
1442 1498
1497 1498
1443 1499
1498 1499
1499 1500
1500 1501
1446 1502
1501 1502
1447 1503
1502 1503
1448 1504
1503 1504
1449 1505
1450 1506
1505 1506
1451 1507
1452 1508
1453 1509
1508 1509
1454 1510
1509 1510
1510 1511
1456 1512
1511 1512
1457 1513
1458 1514
1513 1514
1459 1515
1460 1516
1516 1517
1462 1518
1463 1519
1518 1519
1464 1520
1519 1520
1465 1521
1520 1521
1466 1522
1521 1522
1467 1523
1522 1523
1468 1524
1469 1525
1470 1526
1525 1526
1471 1527
1527 1528
1473 1529
1528 1529
1530 1531
1476 1532
1531 1532
1477 1533
1532 1533
1478 1534
1533 1534
1479 1535
1480 1536
1535 1536
1481 1537
1536 1537
1482 1538
1537 1538
1483 1539
1539 1540
1485 1541
1540 1541
1486 1542
1487 1543
1542 1543
1488 1544
1543 1544
1489 1545
1544 1545
1545 1546
1546 1547
1492 1548
1547 1548
1493 1549
1548 1549
1494 1550
1549 1550
1496 1552
1551 1552
1497 1553
1552 1553
1498 1554
1553 1554
1499 1555
1554 1555
1501 1557
1502 1558
1557 1558
1503 1559
1558 1559
1504 1560
1559 1560
1505 1561
1560 1561
1506 1562
1507 1563
1562 1563
1508 1564
1563 1564
1509 1565
1564 1565
1511 1567
1566 1567
1512 1568
1513 1569
1514 1570
1569 1570
1570 1571
1571 1572
1572 1573
1518 1574
1573 1574
1575 1576
1521 1577
1576 1577
1577 1578
1523 1579
1524 1580
1579 1580
1525 1581
1580 1581
1526 1582
1581 1582
1527 1583
1582 1583
1583 1584
1529 1585
1584 1585
1585 1586
1531 1587
1586 1587
1532 1588
1533 1589
1588 1589
1534 1590
1589 1590
1535 1591
1590 1591
1536 1592
1591 1592
1592 1593
1538 1594
1593 1594
1594 1595
1595 1596
1596 1597
1542 1598
1543 1599
1598 1599
1544 1600
1599 1600
1545 1601
1600 1601
1546 1602
1601 1602
1547 1603
1548 1604
1603 1604
1549 1605
1550 1606
1605 1606
1551 1607
1606 1607
1552 1608
1607 1608
1553 1609
1608 1609
1554 1610
1609 1610
1555 1611
1610 1611
1556 1612
1611 1612
1557 1613
1612 1613
1558 1614
1613 1614
1559 1615
1614 1615
1560 1616
1615 1616
1561 1617
1562 1618
1617 1618
1618 1619
1564 1620
1619 1620
1565 1621
1620 1621
1566 1622
1621 1622
1567 1623
1622 1623
1568 1624
1623 1624
1570 1626
1625 1626
1626 1627
1572 1628
1627 1628
1573 1629
1574 1630
1629 1630
1575 1631
1630 1631
1576 1632
1631 1632
1578 1634
1633 1634
1579 1635
1580 1636
1635 1636
1581 1637
1636 1637
1637 1638
1583 1639
1584 1640
1639 1640
1585 1641
1640 1641
1586 1642
1642 1643
1588 1644
1643 1644
1589 1645
1644 1645
1590 1646
1645 1646
1591 1647
1592 1648
1647 1648
1593 1649
1648 1649
1594 1650
1649 1650
1595 1651
1650 1651
1596 1652
1651 1652
1597 1653
1653 1654
1599 1655
1600 1656
1655 1656
1656 1657
1602 1658
1657 1658
1603 1659
1658 1659
1604 1660
1605 1661
1660 1661
1606 1662
1661 1662
1607 1663
1608 1664
1663 1664
1609 1665
1610 1666
1665 1666
1611 1667
1666 1667
1612 1668
1613 1669
1668 1669
1614 1670
1669 1670
1615 1671
1616 1672
1671 1672
1617 1673
1672 1673
1618 1674
1673 1674
1619 1675
1620 1676
1675 1676
1621 1677
1676 1677
1677 1678
1678 1679
1679 1680
1681 1682
1627 1683
1682 1683
1628 1684
1683 1684
1629 1685
1685 1686
1631 1687
1686 1687
1633 1689
1688 1689
1634 1690
1689 1690
1635 1691
1690 1691
1636 1692
1691 1692
1637 1693
1692 1693
1638 1694
1639 1695
1694 1695
1640 1696
1695 1696
1641 1697
1696 1697
1642 1698
1697 1698
1643 1699
1698 1699
1644 1700
1699 1700
1645 1701
1646 1702
1647 1703
1702 1703
1648 1704
1703 1704
1649 1705
1704 1705
1650 1706
1651 1707
1706 1707
1707 1708
1708 1709
1709 1710
1655 1711
1710 1711
1656 1712
1711 1712
1657 1713
1712 1713
1658 1714
1659 1715
1714 1715
1660 1716
1715 1716
1662 1718
1717 1718
1663 1719
1664 1720
1719 1720
1665 1721
1720 1721
1721 1722
1667 1723
1669 1725
1724 1725
1671 1727
1726 1727
1672 1728
1727 1728
1673 1729
1728 1729
1674 1730
1675 1731
1676 1732
1731 1732
1677 1733
1732 1733
1678 1734
1733 1734
1734 1735
1735 1736
1681 1737
1682 1738
1737 1738
1683 1739
1738 1739
1684 1740
1739 1740
1685 1741
1740 1741
1686 1742
1687 1743
1742 1743
1688 1744
1743 1744
1689 1745
1744 1745
1690 1746
1745 1746
1691 1747
1692 1748
1748 1749
1694 1750
1749 1750
1695 1751
1696 1752
1751 1752
1697 1753
1752 1753
1698 1754
1753 1754
1699 1755
1754 1755
1755 1756
1701 1757
1756 1757
1702 1758
1757 1758
1703 1759
1758 1759
1704 1760
1759 1760
1705 1761
1760 1761
1706 1762
1761 1762
1707 1763
1762 1763
1763 1764
1709 1765
1764 1765
1710 1766
1765 1766
1766 1767
1712 1768
1768 1769
1714 1770
1769 1770
1715 1771
1770 1771
1771 1772
1717 1773
1718 1774
1773 1774
1774 1775
1720 1776
1721 1777
1776 1777
1777 1778
1723 1779
1778 1779
1779 1780
1725 1781
1726 1782
1781 1782
1727 1783
1782 1783
1728 1784
1783 1784
1729 1785
1784 1785
1730 1786
1731 1787
1786 1787
1732 1788
1787 1788
1733 1789
1788 1789
1734 1790
1789 1790
1735 1791
1790 1791
1791 1792
1738 1794
1793 1794
1739 1795
1794 1795
1740 1796
1741 1797
1742 1798
1797 1798
1743 1799
1798 1799
1744 1800
1799 1800
1800 1801
1746 1802
1801 1802
1747 1803
1802 1803
1748 1804
1803 1804
1749 1805
1804 1805
1750 1806
1805 1806
1752 1808
1807 1808
1753 1809
1754 1810
1809 1810
1755 1811
1810 1811
1756 1812
1811 1812
1757 1813
1812 1813
1758 1814
1813 1814
1759 1815
1814 1815
1760 1816
1815 1816
1761 1817
1816 1817
1762 1818
1817 1818
1763 1819
1818 1819
1764 1820
1819 1820
1765 1821
1820 1821
1766 1822
1821 1822
1822 1823
1823 1824
1769 1825
1825 1826
1828 1829
1774 1830
1829 1830
1775 1831
1830 1831
1776 1832
1777 1833
1832 1833
1778 1834
1833 1834
1834 1835
1780 1836
1835 1836
1836 1837
1782 1838
1837 1838
1838 1839
1784 1840
1839 1840
1785 1841
1786 1842
1841 1842
1842 1843
1788 1844
1843 1844
1789 1845
1790 1846
1845 1846
1791 1847
1846 1847
1792 1848
1847 1848
1794 1850
1849 1850
1795 1851
1851 1852
1797 1853
1852 1853
1798 1854
1853 1854
1799 1855
1854 1855
1800 1856
1855 1856
1802 1858
1857 1858
1803 1859
1859 1860
1805 1861
1806 1862
1861 1862
1862 1863
1808 1864
1863 1864
1864 1865
1810 1866
1865 1866
1811 1867
1866 1867
1812 1868
1867 1868
1813 1869
1868 1869
1814 1870
1869 1870
1870 1871
1816 1872
1871 1872
1817 1873
1872 1873
1873 1874
1819 1875
1874 1875
1820 1876
1875 1876
1821 1877
1876 1877
1822 1878
1877 1878
1823 1879
1824 1880
1880 1881
1826 1882
1881 1882
1827 1883
1882 1883
1829 1885
1884 1885
1830 1886
1885 1886
1831 1887
1886 1887
1832 1888
1887 1888
1888 1889
1834 1890
1889 1890
1835 1891
1890 1891
1836 1892
1891 1892
1837 1893
1892 1893
1838 1894
1893 1894
1839 1895
1894 1895
1840 1896
1895 1896
1841 1897
1896 1897
1842 1898
1843 1899
1844 1900
1899 1900
1900 1901
1846 1902
1901 1902
1847 1903
1902 1903
1848 1904
1850 1906
1907 1908
1908 1909
1854 1910
1909 1910
1855 1911
1910 1911
1856 1912
1913 1914
1859 1915
1914 1915
1860 1916
1915 1916
1861 1917
1862 1918
1917 1918
1863 1919
1918 1919
1864 1920
1920 1921
1866 1922
1921 1922
1867 1923
1922 1923
1868 1924
1923 1924
1869 1925
1870 1926
1925 1926
1871 1927
1926 1927
1872 1928
1927 1928
1928 1929
1874 1930
1929 1930
1875 1931
1931 1932
1877 1933
1932 1933
1878 1934
1933 1934
1879 1935
1934 1935
1880 1936
1881 1937
1936 1937
1882 1938
1937 1938
1883 1939
1938 1939
1884 1940
1939 1940
1885 1941
1940 1941
1941 1942
1887 1943
1942 1943
1888 1944
1943 1944
1889 1945
1944 1945
1890 1946
1945 1946
1946 1947
1892 1948
1893 1949
1948 1949
1894 1950
1895 1951
1950 1951
1896 1952
1951 1952
1898 1954
1953 1954
1954 1955
1955 1956
1901 1957
1902 1958
1957 1958
1903 1959
1958 1959
1959 1960
1905 1961
1906 1962
1961 1962
1907 1963
1962 1963
1963 1964
1909 1965
1965 1966
1911 1967
1966 1967
1912 1968
1967 1968
1913 1969
1914 1970
1915 1971
1970 1971
1916 1972
1971 1972
1917 1973
1918 1974
1973 1974
1919 1975
1920 1976
1975 1976
1921 1977
1976 1977
1922 1978
1977 1978
1923 1979
1924 1980
1979 1980
1925 1981
1926 1982
1927 1983
1928 1984
1983 1984
1929 1985
1984 1985
1930 1986
1985 1986
1986 1987
1932 1988
1933 1989
1988 1989
1934 1990
1935 1991
1990 1991
1936 1992
1937 1993
1992 1993
1938 1994
1993 1994
1940 1996
1995 1996
1941 1997
1996 1997
1942 1998
1997 1998
1943 1999
1998 1999
1944 2000
1999 2000
1945 2001
1946 2002
2001 2002
2002 2003
1948 2004
1949 2005
2004 2005
1950 2006
2005 2006
1951 2007
2006 2007
1952 2008
2007 2008
1953 2009
1954 2010
2009 2010
1955 2011
2010 2011
1956 2012
2011 2012
1957 2013
2012 2013
1958 2014
2013 2014
1959 2015
2014 2015
2015 2016
1961 2017
1962 2018
2017 2018
1963 2019
1964 2020
2019 2020
2020 2021
1966 2022
1967 2023
2022 2023
2023 2024
1969 2025
2024 2025
1970 2026
2025 2026
1971 2027
2026 2027
1972 2028
1973 2029
2028 2029
1974 2030
1976 2032
2031 2032
2032 2033
1978 2034
2033 2034
1979 2035
2034 2035
1980 2036
2035 2036
1981 2037
1982 2038
2037 2038
2038 2039
1984 2040
1985 2041
1986 2042
2041 2042
1987 2043
2042 2043
1988 2044
2043 2044
1989 2045
2044 2045
1990 2046
2045 2046
1991 2047
2046 2047
1993 2049
2048 2049
1994 2050
2051 2052
1997 2053
2052 2053
1998 2054
1999 2055
2054 2055
2000 2056
2055 2056
2001 2057
2056 2057
2002 2058
2057 2058
2003 2059
2004 2060
2059 2060
2005 2061
2060 2061
2061 2062
2007 2063
2062 2063
2008 2064
2063 2064
2064 2065
2010 2066
2065 2066
2011 2067
2012 2068
2067 2068
2013 2069
2068 2069
2014 2070
2069 2070
2015 2071
2070 2071
2016 2072
2071 2072
2017 2073
2018 2074
2073 2074
2019 2075
2020 2076
2021 2077
2076 2077
2022 2078
2077 2078
2023 2079
2078 2079
2024 2080
2079 2080
2025 2081
2080 2081
2026 2082
2081 2082
2027 2083
2082 2083
2028 2084
2083 2084
2029 2085
2084 2085
2030 2086
2085 2086
2032 2088
2033 2089
2088 2089
2034 2090
2089 2090
2035 2091
2090 2091
2036 2092
2037 2093
2092 2093
2038 2094
2039 2095
2094 2095
2095 2096
2041 2097
2099 2100
2045 2101
2100 2101
2046 2102
2047 2103
2048 2104
2103 2104
2104 2105
2105 2106
2051 2107
2106 2107
2052 2108
2053 2109
2054 2110
2109 2110
2055 2111
2110 2111
2111 2112
2057 2113
2112 2113
2058 2114
2113 2114
2114 2115
2060 2116
2115 2116
2061 2117
2062 2118
2117 2118
2118 2119
2065 2121
2121 2122
2122 2123
2068 2124
2123 2124
2070 2126
2125 2126
2071 2127
2072 2128
2127 2128
2073 2129
2074 2130
2129 2130
2130 2131
2076 2132
2131 2132
2077 2133
2132 2133
2078 2134
2079 2135
2134 2135
2080 2136
2135 2136
2136 2137
2082 2138
2137 2138
2083 2139
2138 2139
2084 2140
2139 2140
2085 2141
2140 2141
2086 2142
2141 2142
2087 2143
2142 2143
2088 2144
2143 2144
2144 2145
2145 2146
2091 2147
2146 2147
2092 2148
2147 2148
2093 2149
2148 2149
2094 2150
2149 2150
2095 2151
2150 2151
2096 2152
2097 2153
2152 2153
2098 2154
2153 2154
2099 2155
2154 2155
2155 2156
2156 2157
2102 2158
2157 2158
2158 2159
2159 2160
2105 2161
2160 2161
2106 2162
2107 2163
2162 2163
2108 2164
2163 2164
2109 2165
2164 2165
2110 2166
2165 2166
2111 2167
2112 2168
2167 2168
2113 2169
2114 2170
2169 2170
2115 2171
2170 2171
2116 2172
2117 2173
2172 2173
2173 2174
2119 2175
2174 2175
2120 2176
2175 2176
2176 2177
2122 2178
2177 2178
2123 2179
2178 2179
2124 2180
2179 2180
2125 2181
2180 2181
2126 2182
2127 2183
2182 2183
2128 2184
2183 2184
2129 2185
2185 2186
2131 2187
2186 2187
2132 2188
2187 2188
2133 2189
2134 2190
2190 2191
2136 2192
2191 2192
2137 2193
2192 2193
2138 2194
2193 2194
2139 2195
2194 2195
2140 2196
2195 2196
2196 2197
2197 2198
2143 2199
2198 2199
2144 2200
2199 2200
2145 2201
2146 2202
2201 2202
2202 2203
2148 2204
2203 2204
2204 2205
2150 2206
2205 2206
2151 2207
2152 2208
2207 2208
2153 2209
2208 2209
2154 2210
2209 2210
2155 2211
2210 2211
2156 2212
2211 2212
2157 2213
2212 2213
2158 2214
2213 2214
2159 2215
2160 2216
2215 2216
2161 2217
2216 2217
2162 2218
2217 2218
2163 2219
2164 2220
2219 2220
2165 2221
2166 2222
2221 2222
2167 2223
2222 2223
2168 2224
2223 2224
2169 2225
2224 2225
2170 2226
2226 2227
2172 2228
2227 2228
2173 2229
2228 2229
2174 2230
2229 2230
2175 2231
2230 2231
2176 2232
2231 2232
2177 2233
2232 2233
2178 2234
2233 2234
2179 2235
2234 2235
2180 2236
2235 2236
2236 2237
2182 2238
2237 2238
2183 2239
2238 2239
2184 2240
2239 2240
2185 2241
2241 2242
2242 2243
2188 2244
2243 2244
2189 2245
2244 2245
2245 2246
2191 2247
2246 2247
2192 2248
2247 2248
2193 2249
2194 2250
2249 2250
2195 2251
2250 2251
2196 2252
2251 2252
2197 2253
2252 2253
2198 2254
2253 2254
2199 2255
2254 2255
2200 2256
2255 2256
2201 2257
2256 2257
2257 2258
2203 2259
2258 2259
2204 2260
2259 2260
2205 2261
2260 2261
2206 2262
2261 2262
2207 2263
2262 2263
2208 2264
2263 2264
2209 2265
2264 2265
2210 2266
2265 2266
2211 2267
2266 2267
2267 2268
2213 2269
2268 2269
2214 2270
2269 2270
2215 2271
2270 2271
2216 2272
2217 2273
2218 2274
2273 2274
2219 2275
2274 2275
2221 2277
2276 2277
2222 2278
2223 2279
2278 2279
2224 2280
2279 2280
2225 2281
2226 2282
2281 2282
2227 2283
2282 2283
2228 2284
2283 2284
2229 2285
2285 2286
2231 2287
2233 2289
2234 2290
2289 2290
2235 2291
2236 2292
2291 2292
2237 2293
2292 2293
2239 2295
2294 2295
2240 2296
2295 2296
2241 2297
2242 2298
2297 2298
2243 2299
2298 2299
2244 2300
2245 2301
2300 2301
2246 2302
2301 2302
2247 2303
2302 2303
2248 2304
2303 2304
2249 2305
2250 2306
2251 2307
2252 2308
2307 2308
2253 2309
2308 2309
2254 2310
2309 2310
2310 2311
2256 2312
2311 2312
2257 2313
2312 2313
2258 2314
2314 2315
2260 2316
2315 2316
2261 2317
2316 2317
2317 2318
2318 2319
2264 2320
2319 2320
2265 2321
2320 2321
2266 2322
2321 2322
2267 2323
2268 2324
2323 2324
2269 2325
2324 2325
2270 2326
2325 2326
2271 2327
2326 2327
2272 2328
2327 2328
2273 2329
2274 2330
2275 2331
2330 2331
2331 2332
2277 2333
2278 2334
2333 2334
2279 2335
2334 2335
2280 2336
2335 2336
2281 2337
2283 2339
2338 2339
2284 2340
2285 2341
2340 2341
2286 2342
2341 2342
2342 2343
2343 2344
2289 2345
2344 2345
2290 2346
2345 2346
2291 2347
2346 2347
2292 2348
2347 2348
2293 2349
2294 2350
2349 2350
2295 2351
2350 2351
2296 2352
2351 2352
2297 2353
2353 2354
2354 2355
2300 2356
2355 2356
2301 2357
2356 2357
2302 2358
2357 2358
2303 2359
2358 2359
2304 2360
2359 2360
2360 2361
2306 2362
2361 2362
2307 2363
2362 2363
2308 2364
2363 2364
2309 2365
2364 2365
2311 2367
2366 2367
2312 2368
2313 2369
2368 2369
2314 2370
2369 2370
2315 2371
2371 2372
2373 2374
2374 2375
2320 2376
2375 2376
2376 2377
2322 2378
2377 2378
2323 2379
2378 2379
2324 2380
2379 2380
2325 2381
2380 2381
2326 2382
2381 2382
2327 2383
2382 2383
2328 2384
2329 2385
2384 2385
2330 2386
2385 2386
2331 2387
2386 2387
2387 2388
2333 2389
2388 2389
2334 2390
2335 2391
2390 2391
2391 2392
2337 2393
2392 2393
2338 2394
2393 2394
2339 2395
2394 2395
2340 2396
2341 2397
2396 2397
2398 2399
2344 2400
2399 2400
2345 2401
2400 2401
2346 2402
2401 2402
2347 2403
2402 2403
2348 2404
2403 2404
2404 2405
2350 2406
2405 2406
2351 2407
2406 2407
2352 2408
2407 2408
2353 2409
2354 2410
2409 2410
2355 2411
2410 2411
2412 2413
2358 2414
2413 2414
2359 2415
2360 2416
2415 2416
2362 2418
2417 2418
2363 2419
2418 2419
2364 2420
2419 2420
2365 2421
2420 2421
2366 2422
2421 2422
2367 2423
2422 2423
2368 2424
2423 2424
2424 2425
2370 2426
2425 2426
2371 2427
2426 2427
2373 2429
2428 2429
2374 2430
2429 2430
2375 2431
2430 2431
2376 2432
2377 2433
2432 2433
2378 2434
2433 2434
2379 2435
2434 2435
2380 2436
2435 2436
2381 2437
2382 2438
2437 2438
2384 2440
2439 2440
2385 2441
2386 2442
2441 2442
2387 2443
2388 2444
2443 2444
2444 2445
2390 2446
2445 2446
2391 2447
2446 2447
2392 2448
2447 2448
2393 2449
2448 2449
2394 2450
2395 2451
2450 2451
2396 2452
2451 2452
2397 2453
2452 2453
2398 2454
2453 2454
2399 2455
2454 2455
2400 2456
2455 2456
2401 2457
2457 2458
2458 2459
2404 2460
2459 2460
2405 2461
2460 2461
2406 2462
2461 2462
2462 2463
2463 2464
2410 2466
2465 2466
2411 2467
2466 2467
2467 2468
2413 2469
2468 2469
2469 2470
2415 2471
2470 2471
2416 2472
2471 2472
2417 2473
2472 2473
2418 2474
2473 2474
2474 2475
2420 2476
2475 2476
2422 2478
2477 2478
2423 2479
2424 2480
2425 2481
2480 2481
2426 2482
2427 2483
2482 2483
2428 2484
2483 2484
2429 2485
2484 2485
2430 2486
2485 2486
2431 2487
2432 2488
2487 2488
2434 2490
2489 2490
2436 2492
2437 2493
2492 2493
2438 2494
2439 2495
2440 2496
2495 2496
2441 2497
2496 2497
2442 2498
2497 2498
2443 2499
2498 2499
2499 2500
2445 2501
2500 2501
2446 2502
2501 2502
2447 2503
2448 2504
2503 2504
2449 2505
2504 2505
2450 2506
2505 2506
2506 2507
2452 2508
2507 2508
2453 2509
2508 2509
2454 2510
2509 2510
2455 2511
2510 2511
2511 2512
2457 2513
2458 2514
2513 2514
2459 2515
2460 2516
2515 2516
2461 2517
2462 2518
2517 2518
2464 2520
2519 2520
2466 2522
2521 2522
2467 2523
2468 2524
2523 2524
2524 2525
2470 2526
2471 2527
2526 2527
2472 2528
2473 2529
2475 2531
2530 2531
2531 2532
2477 2533
2478 2534
2480 2536
2535 2536
2482 2538
2537 2538
2483 2539
2484 2540
2485 2541
2540 2541
2541 2542
2542 2543
2488 2544
2543 2544
2489 2545
2544 2545
2490 2546
2545 2546
2491 2547
2546 2547
2492 2548
2548 2549
2494 2550
2495 2551
2550 2551
2496 2552
2551 2552
2497 2553
2552 2553
2498 2554
2499 2555
2554 2555
2500 2556
2555 2556
2556 2557
2557 2558
2558 2559
2504 2560
2559 2560
2505 2561
2560 2561
2561 2562
2507 2563
2562 2563
2508 2564
2563 2564
2509 2565
2564 2565
2565 2566
2511 2567
2566 2567
2512 2568
2567 2568
2513 2569
2568 2569
2569 2570
2515 2571
2516 2572
2571 2572
2517 2573
2572 2573
2518 2574
2573 2574
2519 2575
2574 2575
2575 2576
2521 2577
2522 2578
2577 2578
2523 2579
2578 2579
2524 2580
2579 2580
2525 2581
2580 2581
2581 2582
2527 2583
2582 2583
2583 2584
2529 2585
2584 2585
2530 2586
2531 2587
2586 2587
2587 2588
2533 2589
2534 2590
2589 2590
2535 2591
2590 2591
2536 2592
2591 2592
2537 2593
2592 2593
2538 2594
2593 2594
2539 2595
2594 2595
2540 2596
2541 2597
2596 2597
2542 2598
2543 2599
2598 2599
2544 2600
2599 2600
2545 2601
2600 2601
2546 2602
2601 2602
2547 2603
2602 2603
2548 2604
2603 2604
2549 2605
2550 2606
2605 2606
2606 2607
2552 2608
2553 2609
2608 2609
2554 2610
2609 2610
2555 2611
2610 2611
2612 2613
2558 2614
2613 2614
2559 2615
2614 2615
2560 2616
2615 2616
2561 2617
2616 2617
2562 2618
2617 2618
2563 2619
2618 2619
2564 2620
2619 2620
2565 2621
2620 2621
2621 2622
2567 2623
2622 2623
2568 2624
2569 2625
2624 2625
2570 2626
2625 2626
2571 2627
2626 2627
2627 2628
2628 2629
2574 2630
2575 2631
2630 2631
2576 2632
2631 2632
2577 2633
2578 2634
2633 2634
2579 2635
2634 2635
2580 2636
2636 2637
2639 2640
2585 2641
2640 2641
2586 2642
2641 2642
2587 2643
2642 2643
2588 2644
2643 2644
2589 2645
2590 2646
2645 2646
2591 2647
2646 2647
2592 2648
2647 2648
2593 2649
2648 2649
2594 2650
2649 2650
2595 2651
2596 2652
2651 2652
2597 2653
2652 2653
2598 2654
2653 2654
2654 2655
2600 2656
2601 2657
2602 2658
2657 2658
2603 2659
2658 2659
2604 2660
2659 2660
2605 2661
2660 2661
2606 2662
2661 2662
2607 2663
2662 2663
2608 2664
2663 2664
2664 2665
2610 2666
2665 2666
2611 2667
2666 2667
2612 2668
2613 2669
2668 2669
2670 2671
2616 2672
2671 2672
2672 2673
2673 2674
2619 2675
2620 2676
2675 2676
2621 2677
2676 2677
2677 2678
2678 2679
2624 2680
2679 2680
2625 2681
2680 2681
2681 2682
2627 2683
2682 2683
2683 2684
2629 2685
2630 2686
2631 2687
2686 2687
2632 2688
2687 2688
2633 2689
2634 2690
2689 2690
2635 2691
2690 2691
2636 2692
2637 2693
2692 2693
2693 2694
2694 2695
2640 2696
2695 2696
2642 2698
2697 2698
2643 2699
2698 2699
2644 2700
2646 2702
2702 2703
2648 2704
2703 2704
2704 2705
2705 2706
2706 2707
2652 2708
2707 2708
2653 2709
2708 2709
2654 2710
2709 2710
2655 2711
2710 2711
2656 2712
2711 2712
2657 2713
2712 2713
2658 2714
2713 2714
2714 2715
2660 2716
2715 2716
2716 2717
2662 2718
2717 2718
2663 2719
2664 2720
2665 2721
2720 2721
2666 2722
2721 2722
2667 2723
2668 2724
2723 2724
2669 2725
2724 2725
2670 2726
2725 2726
2671 2727
2726 2727
2727 2728
2674 2730
2729 2730
2675 2731
2730 2731
2676 2732
2731 2732
2677 2733
2732 2733
2678 2734
2733 2734
2679 2735
2734 2735
2680 2736
2735 2736
2681 2737
2736 2737
2682 2738
2737 2738
2683 2739
2738 2739
2684 2740
2739 2740
2685 2741
2740 2741
2686 2742
2741 2742
2687 2743
2742 2743
2688 2744
2743 2744
2689 2745
2690 2746
2745 2746
2691 2747
2692 2748
2747 2748
2693 2749
2748 2749
2694 2750
2749 2750
2695 2751
2696 2752
2751 2752
2752 2753
2698 2754
2699 2755
2754 2755
2701 2757
2756 2757
2702 2758
2757 2758
2703 2759
2758 2759
2704 2760
2759 2760
2760 2761
2706 2762
2707 2763
2762 2763
2708 2764
2763 2764
2709 2765
2764 2765
2710 2766
2765 2766
2711 2767
2712 2768
2768 2769
2714 2770
2769 2770
2715 2771
2716 2772
2771 2772
2717 2773
2773 2774
2774 2775
2720 2776
2775 2776
2721 2777
2722 2778
2723 2779
2778 2779
2724 2780
2725 2781
2780 2781
2726 2782
2727 2783
2782 2783
2728 2784
2783 2784
2730 2786
2785 2786
2731 2787
2786 2787
2732 2788
2733 2789
2788 2789
2734 2790
2789 2790
2735 2791
2790 2791
2736 2792
2791 2792
2737 2793
2792 2793
2738 2794
2793 2794
2739 2795
2794 2795
2740 2796
2795 2796
2741 2797
2796 2797
2797 2798
2743 2799
2798 2799
2744 2800
2799 2800
2745 2801
2746 2802
2801 2802
2747 2803
2802 2803
2748 2804
2803 2804
2749 2805
2804 2805
2805 2806
2751 2807
2806 2807
2752 2808
2807 2808
2808 2809
2754 2810
2809 2810
2755 2811
2811 2812
2757 2813
2812 2813
2758 2814
2759 2815
2814 2815
2760 2816
2815 2816
2761 2817
2816 2817
2762 2818
2817 2818
2818 2819
2819 2820
2765 2821
2820 2821
2766 2822
2821 2822
2767 2823
2768 2824
2769 2825
2824 2825
2826 2827
2827 2828
2773 2829
2828 2829
2774 2830
2829 2830
2775 2831
2830 2831
2776 2832
2831 2832
2777 2833
2778 2834
2779 2835
2834 2835
2780 2836
2835 2836
2781 2837
2836 2837
2782 2838
2838 2839
2784 2840
2839 2840
2840 2841
2841 2842
2842 2843
2788 2844
2843 2844
2789 2845
2844 2845
2790 2846
2845 2846
2791 2847
2792 2848
2847 2848
2793 2849
2848 2849
2794 2850
2849 2850
2795 2851
2850 2851
2796 2852
2851 2852
2797 2853
2798 2854
2853 2854
2799 2855
2854 2855
2800 2856
2801 2857
2802 2858
2857 2858
2858 2859
2859 2860
2806 2862
2861 2862
2807 2863
2862 2863
2809 2865
2864 2865
2810 2866
2865 2866
2866 2867
2812 2868
2867 2868
2813 2869
2814 2870
2815 2871
2870 2871
2816 2872
2871 2872
2817 2873
2872 2873
2818 2874
2873 2874
2819 2875
2874 2875
2875 2876
2821 2877
2876 2877
2823 2879
2878 2879
2824 2880
2825 2881
2826 2882
2881 2882
2882 2883
2828 2884
2883 2884
2829 2885
2884 2885
2830 2886
2885 2886
2886 2887
2832 2888
2887 2888
2833 2889
2888 2889
2834 2890
2835 2891
2890 2891
2891 2892
2837 2893
2892 2893
2838 2894
2893 2894
2894 2895
2840 2896
2841 2897
2896 2897
2897 2898
2898 2899
2844 2900
2899 2900
2900 2901
2846 2902
2847 2903
2902 2903
2848 2904
2903 2904
2849 2905
2850 2906
2905 2906
2851 2907
2906 2907
2907 2908
2853 2909
2908 2909
2854 2910
2909 2910
2855 2911
2910 2911
2856 2912
2911 2912
2857 2913
2858 2914
2913 2914
2859 2915
2914 2915
2860 2916
2915 2916
2861 2917
2916 2917
2862 2918
2917 2918
2863 2919
2864 2920
2865 2921
2920 2921
2866 2922
2921 2922
2867 2923
2922 2923
2868 2924
2923 2924
2869 2925
2925 2926
2871 2927
2926 2927
2872 2928
2927 2928
2873 2929
2928 2929
2874 2930
2929 2930
2876 2932
2877 2933
2932 2933
2878 2934
2933 2934
2934 2935
2880 2936
2935 2936
2881 2937
2936 2937
2937 2938
2883 2939
2884 2940
2939 2940
2885 2941
2940 2941
2886 2942
2941 2942
2887 2943
2888 2944
2943 2944
2944 2945
2890 2946
2891 2947
2946 2947
2892 2948
2947 2948
2893 2949
2948 2949
2894 2950
2949 2950
2896 2952
2951 2952
2897 2953
2952 2953
2898 2954
2953 2954
2899 2955
2954 2955
2900 2956
2955 2956
2901 2957
2956 2957
2902 2958
2957 2958
2903 2959
2958 2959
2904 2960
2959 2960
2960 2961
2906 2962
2961 2962
2907 2963
2962 2963
2908 2964
2963 2964
2909 2965
2964 2965
2910 2966
2965 2966
2911 2967
2966 2967
2912 2968
2967 2968
2913 2969
2914 2970
2969 2970
2970 2971
2916 2972
2971 2972
2917 2973
2972 2973
2918 2974
2973 2974
2919 2975
2974 2975
2920 2976
2975 2976
2921 2977
2976 2977
2922 2978
2977 2978
2923 2979
2978 2979
2924 2980
2979 2980
2925 2981
2926 2982
2981 2982
2927 2983
2982 2983
2928 2984
2983 2984
2929 2985
2984 2985
2930 2986
2985 2986
2931 2987
2986 2987
2932 2988
2987 2988
2988 2989
2934 2990
2989 2990
2935 2991
2990 2991
2936 2992
2991 2992
2937 2993
2938 2994
2939 2995
2994 2995
2940 2996
2995 2996
2941 2997
2996 2997
2942 2998
2997 2998
2943 2999
2944 3000
2999 3000
3000 3001
2946 3002
2947 3003
3003 3004
2949 3005
3004 3005
2950 3006
3005 3006
2951 3007
3006 3007
3008 3009
2954 3010
3009 3010
2955 3011
3010 3011
2956 3012
3011 3012
2957 3013
3012 3013
2958 3014
2959 3015
3014 3015
3015 3016
3016 3017
2962 3018
3017 3018
3018 3019
2964 3020
3019 3020
3020 3021
2966 3022
3021 3022
2967 3023
3022 3023
2968 3024
3023 3024
2969 3025
2970 3026
3025 3026
2971 3027
3026 3027
2972 3028
2973 3029
3028 3029
2974 3030
2975 3031
3030 3031
2976 3032
3031 3032
2977 3033
3032 3033
3033 3034
2979 3035
3034 3035
2980 3036
3035 3036
2981 3037
3036 3037
2982 3038
3037 3038
3038 3039
2984 3040
2985 3041
3040 3041
2986 3042
3042 3043
2988 3044
3043 3044
2989 3045
3044 3045
2990 3046
2991 3047
3046 3047
3047 3048
2993 3049
2994 3050
3049 3050
2995 3051
3050 3051
2997 3053
3052 3053
2998 3054
3054 3055
3000 3056
3001 3057
3056 3057
3002 3058
3057 3058
3058 3059
3004 3060
3059 3060
3005 3061
3060 3061
3006 3062
3061 3062
3062 3063
3008 3064
3009 3065
3064 3065
3065 3066
3011 3067
3066 3067
3012 3068
3067 3068
3013 3069
3014 3070
3069 3070
3015 3071
3070 3071
3016 3072
3071 3072
3017 3073
3072 3073
3018 3074
3073 3074
3019 3075
3074 3075
3021 3077
3022 3078
3077 3078
3023 3079
3078 3079
3079 3080
3025 3081
3081 3082
3027 3083
3082 3083
3028 3084
3083 3084
3029 3085
3084 3085
3030 3086
3031 3087
3032 3088
3087 3088
3034 3090
3089 3090
3035 3091
3090 3091
3036 3092
3091 3092
3038 3094
3039 3095
3094 3095
3040 3096
3095 3096
3041 3097
3096 3097
3042 3098
3097 3098
3043 3099
3098 3099
3044 3100
3045 3101
3100 3101
3046 3102
3047 3103
3102 3103
3103 3104
3104 3105
3105 3106
3051 3107
3106 3107
3052 3108
3107 3108
3053 3109
3108 3109
3054 3110
3109 3110
3110 3111
3056 3112
3111 3112
3057 3113
3112 3113
3058 3114
3113 3114
3059 3115
3114 3115
3060 3116
3115 3116
3116 3117
3062 3118
3063 3119
3118 3119
3064 3120
3065 3121
3120 3121
3066 3122
3067 3123
3122 3123
3068 3124
3123 3124
3069 3125
3070 3126
3071 3127
3126 3127
3072 3128
3127 3128
3073 3129
3128 3129
3129 3130
3075 3131
3130 3131
3076 3132
3131 3132
3077 3133
3132 3133
3078 3134
3133 3134
3134 3135
3080 3136
3135 3136
