6400 10201
1 2
2 3
4 5
5 6
6 7
7 8
8 9
9 10
10 11
11 12
12 13
14 15
15 16
16 17
20 21
23 24
26 27
27 28
28 29
29 30
30 31
31 32
32 33
33 34
34 35
35 36
38 39
39 40
40 41
41 42
42 43
43 44
44 45
45 46
46 47
47 48
48 49
50 51
51 52
52 53
53 54
54 55
55 56
57 58
58 59
59 60
60 61
61 62
62 63
64 65
65 66
66 67
67 68
69 70
70 71
71 72
73 74
75 76
76 77
77 78
78 79
79 80
1 81
2 82
81 82
3 83
82 83
83 84
5 85
84 85
6 86
7 87
8 88
87 88
9 89
88 89
10 90
89 90
11 91
90 91
12 92
91 92
13 93
92 93
14 94
15 95
94 95
16 96
17 97
96 97
18 98
97 98
19 99
20 100
99 100
21 101
100 101
22 102
23 103
102 103
24 104
103 104
25 105
26 106
105 106
27 107
106 107
28 108
107 108
29 109
108 109
30 110
31 111
110 111
32 112
111 112
33 113
112 113
34 114
113 114
35 115
114 115
36 116
115 116
37 117
116 117
38 118
117 118
39 119
118 119
40 120
41 121
120 121
42 122
121 122
43 123
44 124
123 124
45 125
46 126
125 126
47 127
126 127
48 128
49 129
50 130
129 130
51 131
130 131
52 132
131 132
53 133
132 133
54 134
55 135
134 135
56 136
57 137
58 138
137 138
59 139
138 139
60 140
139 140
61 141
140 141
62 142
141 142
63 143
142 143
64 144
65 145
144 145
66 146
145 146
67 147
146 147
68 148
147 148
69 149
148 149
70 150
149 150
71 151
72 152
151 152
73 153
74 154
75 155
154 155
76 156
155 156
77 157
156 157
157 158
158 159
80 160
159 160
81 161
82 162
161 162
83 163
162 163
84 164
163 164
85 165
164 165
86 166
165 166
87 167
166 167
167 168
89 169
168 169
90 170
169 170
91 171
170 171
171 172
172 173
94 174
173 174
95 175
174 175
96 176
175 176
97 177
176 177
98 178
177 178
99 179
178 179
100 180
179 180
101 181
180 181
102 182
181 182
103 183
182 183
104 184
183 184
105 185
184 185
106 186
185 186
107 187
186 187
108 188
187 188
109 189
188 189
111 191
190 191
112 192
113 193
192 193
114 194
193 194
115 195
194 195
116 196
117 197
196 197
118 198
197 198
119 199
198 199
120 200
199 200
121 201
200 201
122 202
201 202
123 203
202 203
203 204
125 205
204 205
127 207
128 208
207 208
129 209
208 209
130 210
209 210
131 211
210 211
132 212
211 212
133 213
212 213
134 214
214 215
136 216
215 216
137 217
216 217
138 218
217 218
139 219
218 219
219 220
141 221
142 222
221 222
143 223
222 223
223 224
145 225
224 225
146 226
225 226
147 227
226 227
148 228
227 228
149 229
150 230
229 230
230 231
153 233
232 233
154 234
233 234
155 235
156 236
235 236
157 237
236 237
158 238
237 238
159 239
160 240
239 240
241 242
163 243
242 243
164 244
243 244
165 245
244 245
166 246
167 247
246 247
168 248
247 248
169 249
248 249
170 250
249 250
171 251
250 251
172 252
251 252
173 253
252 253
174 254
253 254
175 255
254 255
255 256
177 257
256 257
178 258
257 258
179 259
258 259
180 260
181 261
260 261
182 262
183 263
262 263
184 264
185 265
264 265
186 266
265 266
266 267
188 268
189 269
268 269
190 270
269 270
191 271
270 271
271 272
193 273
272 273
194 274
273 274
195 275
196 276
275 276
197 277
276 277
198 278
199 279
200 280
201 281
280 281
202 282
281 282
203 283
282 283
283 284
205 285
284 285
285 286
207 287
286 287
208 288
209 289
288 289
210 290
289 290
211 291
290 291
212 292
291 292
213 293
292 293
214 294
293 294
215 295
294 295
216 296
217 297
218 298
297 298
219 299
298 299
220 300
299 300
300 301
222 302
301 302
223 303
302 303
224 304
303 304
225 305
304 305
305 306
227 307
306 307
228 308
229 309
308 309
230 310
231 311
310 311
232 312
311 312
233 313
312 313
313 314
235 315
236 316
315 316
237 317
316 317
238 318
317 318
239 319
318 319
240 320
319 320
242 322
321 322
243 323
322 323
244 324
323 324
245 325
324 325
247 327
326 327
248 328
327 328
249 329
329 330
330 331
331 332
253 333
332 333
254 334
333 334
255 335
334 335
256 336
257 337
336 337
337 338
338 339
339 340
261 341
340 341
262 342
341 342
263 343
342 343
264 344
343 344
265 345
344 345
266 346
345 346
268 348
347 348
269 349
348 349
270 350
349 350
271 351
350 351
351 352
273 353
274 354
275 355
354 355
276 356
355 356
277 357
356 357
278 358
357 358
279 359
358 359
280 360
359 360
281 361
360 361
282 362
361 362
362 363
284 364
363 364
285 365
364 365
286 366
365 366
287 367
366 367
288 368
367 368
289 369
368 369
369 370
291 371
370 371
292 372
371 372
293 373
372 373
294 374
373 374
295 375
374 375
296 376
375 376
297 377
376 377
298 378
377 378
299 379
378 379
300 380
379 380
301 381
380 381
302 382
381 382
303 383
382 383
304 384
305 385
306 386
385 386
307 387
386 387
308 388
388 389
389 390
390 391
312 392
391 392
313 393
392 393
314 394
393 394
315 395
316 396
395 396
317 397
396 397
318 398
319 399
398 399
320 400
399 400
321 401
322 402
401 402
323 403
402 403
324 404
325 405
404 405
326 406
405 406
327 407
406 407
328 408
407 408
329 409
408 409
330 410
409 410
331 411
410 411
333 413
412 413
334 414
413 414
335 415
414 415
336 416
415 416
337 417
416 417
338 418
417 418
339 419
340 420
419 420
341 421
420 421
342 422
421 422
343 423
422 423
344 424
423 424
345 425
424 425
346 426
425 426
347 427
426 427
348 428
427 428
349 429
428 429
350 430
429 430
351 431
430 431
352 432
431 432
353 433
432 433
354 434
355 435
434 435
356 436
357 437
436 437
437 438
359 439
438 439
360 440
439 440
361 441
440 441
362 442
441 442
363 443
364 444
365 445
444 445
366 446
445 446
447 448
448 449
370 450
449 450
371 451
450 451
451 452
373 453
452 453
374 454
375 455
454 455
455 456
377 457
456 457
378 458
457 458
379 459
458 459
380 460
459 460
381 461
460 461
382 462
461 462
383 463
462 463
384 464
463 464
385 465
464 465
386 466
465 466
387 467
388 468
467 468
389 469
468 469
390 470
469 470
391 471
392 472
471 472
393 473
472 473
394 474
473 474
395 475
474 475
396 476
475 476
476 477
477 478
399 479
400 480
479 480
402 482
481 482
403 483
404 484
483 484
405 485
484 485
406 486
407 487
486 487
408 488
487 488
409 489
488 489
410 490
489 490
411 491
490 491
491 492
413 493
492 493
414 494
493 494
494 495
495 496
417 497
496 497
418 498
419 499
498 499
420 500
499 500
421 501
500 501
422 502
423 503
502 503
424 504
503 504
425 505
426 506
505 506
427 507
506 507
428 508
507 508
508 509
509 510
510 511
432 512
433 513
512 513
434 514
513 514
514 515
436 516
437 517
516 517
439 519
518 519
440 520
519 520
520 521
442 522
443 523
444 524
445 525
524 525
446 526
447 527
526 527
448 528
527 528
449 529
528 529
450 530
451 531
452 532
531 532
453 533
454 534
533 534
455 535
534 535
456 536
535 536
458 538
459 539
538 539
539 540
461 541
540 541
541 542
463 543
542 543
464 544
543 544
465 545
544 545
545 546
467 547
546 547
468 548
547 548
469 549
548 549
470 550
549 550
473 553
552 553
553 554
475 555
554 555
476 556
477 557
556 557
478 558
479 559
558 559
480 560
481 561
561 562
483 563
562 563
563 564
485 565
565 566
487 567
566 567
488 568
567 568
489 569
568 569
490 570
569 570
491 571
570 571
571 572
493 573
494 574
573 574
495 575
574 575
496 576
576 577
498 578
577 578
499 579
500 580
579 580
580 581
502 582
503 583
504 584
583 584
505 585
584 585
506 586
585 586
586 587
508 588
588 589
510 590
589 590
511 591
590 591
512 592
591 592
513 593
592 593
514 594
593 594
515 595
516 596
595 596
517 597
596 597
518 598
597 598
519 599
598 599
521 601
600 601
522 602
601 602
523 603
602 603
524 604
603 604
525 605
604 605
605 606
527 607
606 607
528 608
607 608
529 609
608 609
530 610
609 610
531 611
610 611
532 612
611 612
612 613
613 614
535 615
614 615
536 616
616 617
617 618
539 619
618 619
540 620
619 620
541 621
620 621
542 622
621 622
543 623
622 623
544 624
623 624
545 625
624 625
546 626
547 627
626 627
548 628
627 628
549 629
628 629
629 630
551 631
630 631
552 632
631 632
553 633
632 633
554 634
633 634
555 635
634 635
556 636
635 636
557 637
636 637
558 638
637 638
638 639
560 640
639 640
561 641
562 642
641 642
563 643
642 643
564 644
643 644
565 645
644 645
567 647
646 647
647 648
569 649
648 649
570 650
649 650
571 651
650 651
572 652
651 652
573 653
574 654
653 654
575 655
654 655
655 656
577 657
656 657
578 658
579 659
658 659
580 660
659 660
581 661
660 661
582 662
661 662
583 663
662 663
584 664
585 665
664 665
586 666
665 666
587 667
588 668
667 668
589 669
668 669
669 670
592 672
672 673
673 674
595 675
674 675
596 676
675 676
597 677
676 677
677 678
599 679
678 679
679 680
601 681
680 681
681 682
603 683
682 683
604 684
605 685
684 685
606 686
685 686
607 687
686 687
608 688
687 688
609 689
688 689
610 690
689 690
690 691
612 692
691 692
613 693
692 693
614 694
693 694
694 695
616 696
695 696
617 697
696 697
618 698
697 698
619 699
620 700
699 700
622 702
701 702
702 703
624 704
625 705
704 705
705 706
706 707
628 708
707 708
629 709
708 709
630 710
631 711
710 711
632 712
711 712
634 714
635 715
714 715
636 716
715 716
716 717
717 718
639 719
718 719
640 720
641 721
642 722
721 722
643 723
722 723
644 724
723 724
645 725
724 725
647 727
648 728
727 728
649 729
728 729
650 730
729 730
651 731
730 731
653 733
732 733
656 736
735 736
657 737
736 737
658 738
737 738
659 739
738 739
660 740
739 740
661 741
740 741
662 742
741 742
663 743
742 743
664 744
743 744
665 745
744 745
745 746
667 747
668 748
747 748
748 749
670 750
749 750
671 751
672 752
751 752
753 754
675 755
676 756
755 756
677 757
756 757
678 758
757 758
679 759
680 760
759 760
760 761
761 762
683 763
684 764
763 764
685 765
764 765
686 766
765 766
687 767
766 767
688 768
767 768
768 769
690 770
769 770
770 771
692 772
693 773
772 773
694 774
773 774
695 775
697 777
776 777
698 778
777 778
699 779
778 779
779 780
780 781
702 782
781 782
703 783
782 783
704 784
783 784
705 785
784 785
706 786
785 786
708 788
787 788
709 789
788 789
710 790
790 791
791 792
713 793
792 793
714 794
793 794
715 795
716 796
717 797
796 797
797 798
719 799
798 799
720 800
799 800
722 802
801 802
723 803
724 804
725 805
804 805
726 806
727 807
806 807
728 808
807 808
729 809
808 809
730 810
809 810
731 811
810 811
732 812
811 812
733 813
812 813
734 814
813 814
735 815
736 816
815 816
737 817
816 817
738 818
739 819
818 819
819 820
741 821
820 821
742 822
821 822
743 823
822 823
744 824
823 824
745 825
824 825
746 826
825 826
747 827
826 827
748 828
749 829
828 829
750 830
829 830
751 831
830 831
752 832
831 832
753 833
832 833
754 834
833 834
755 835
834 835
756 836
835 836
757 837
836 837
758 838
759 839
838 839
839 840
761 841
840 841
762 842
841 842
763 843
843 844
765 845
766 846
845 846
767 847
847 848
769 849
848 849
849 850
771 851
850 851
772 852
851 852
773 853
774 854
853 854
775 855
776 856
777 857
856 857
778 858
857 858
779 859
858 859
780 860
859 860
781 861
860 861
782 862
861 862
784 864
863 864
864 865
786 866
865 866
866 867
788 868
867 868
868 869
790 870
869 870
791 871
870 871
792 872
871 872
872 873
873 874
874 875
796 876
875 876
797 877
798 878
877 878
878 879
800 880
879 880
801 881
802 882
803 883
882 883
804 884
883 884
805 885
806 886
885 886
807 887
886 887
808 888
887 888
810 890
889 890
890 891
812 892
891 892
813 893
814 894
893 894
815 895
894 895
895 896
896 897
897 898
819 899
898 899
820 900
899 900
821 901
822 902
823 903
902 903
824 904
825 905
904 905
826 906
905 906
906 907
829 909
908 909
830 910
909 910
831 911
910 911
832 912
911 912
833 913
912 913
834 914
913 914
915 916
916 917
838 918
917 918
918 919
840 920
841 921
920 921
842 922
844 924
923 924
924 925
846 926
925 926
847 927
926 927
927 928
849 929
928 929
850 930
929 930
930 931
931 932
853 933
932 933
933 934
855 935
934 935
856 936
936 937
858 938
859 939
860 940
939 940
861 941
940 941
862 942
942 943
864 944
943 944
865 945
944 945
866 946
946 947
868 948
947 948
869 949
948 949
949 950
871 951
950 951
951 952
873 953
952 953
874 954
953 954
875 955
954 955
876 956
955 956
877 957
956 957
878 958
957 958
958 959
880 960
959 960
882 962
961 962
883 963
962 963
884 964
963 964
964 965
886 966
965 966
887 967
966 967
888 968
967 968
889 969
968 969
890 970
891 971
892 972
971 972
893 973
973 974
895 975
974 975
896 976
897 977
976 977
898 978
977 978
978 979
900 980
979 980
902 982
903 983
904 984
983 984
906 986
985 986
907 987
986 987
908 988
987 988
909 989
988 989
910 990
989 990
911 991
990 991
912 992
991 992
913 993
992 993
914 994
915 995
994 995
916 996
995 996
996 997
918 998
997 998
919 999
998 999
920 1000
999 1000
1000 1001
922 1002
1001 1002
923 1003
924 1004
1003 1004
925 1005
1004 1005
926 1006
927 1007
1006 1007
928 1008
929 1009
1008 1009
930 1010
1009 1010
931 1011
1010 1011
1011 1012
933 1013
1012 1013
934 1014
1013 1014
935 1015
1014 1015
937 1017
1016 1017
938 1018
1017 1018
1018 1019
1019 1020
941 1021
1020 1021
942 1022
1021 1022
943 1023
1022 1023
944 1024
1023 1024
945 1025
946 1026
1025 1026
947 1027
1026 1027
948 1028
1027 1028
1028 1029
1029 1030
1030 1031
952 1032
1031 1032
953 1033
1032 1033
954 1034
1033 1034
955 1035
1034 1035
956 1036
1035 1036
1036 1037
958 1038
1037 1038
959 1039
1038 1039
960 1040
961 1041
962 1042
1041 1042
1042 1043
964 1044
965 1045
1044 1045
1045 1046
967 1047
968 1048
1047 1048
969 1049
1048 1049
970 1050
1049 1050
971 1051
1050 1051
972 1052
1051 1052
973 1053
974 1054
1053 1054
975 1055
1054 1055
976 1056
1055 1056
977 1057
1056 1057
1057 1058
979 1059
1059 1060
981 1061
1060 1061
982 1062
983 1063
1062 1063
1063 1064
985 1065
1064 1065
986 1066
1065 1066
987 1067
1066 1067
988 1068
1067 1068
989 1069
1068 1069
990 1070
1069 1070
991 1071
1070 1071
992 1072
1071 1072
1072 1073
994 1074
995 1075
1074 1075
996 1076
1075 1076
997 1077
1076 1077
998 1078
1077 1078
999 1079
1078 1079
1000 1080
1079 1080
1001 1081
1080 1081
1002 1082
1081 1082
1003 1083
1082 1083
1004 1084
1083 1084
1005 1085
1084 1085
1006 1086
1085 1086
1007 1087
1086 1087
1008 1088
1087 1088
1009 1089
1088 1089
1010 1090
1089 1090
1011 1091
1090 1091
1091 1092
1013 1093
1014 1094
1093 1094
1015 1095
1094 1095
1016 1096
1095 1096
1017 1097
1096 1097
1018 1098
1019 1099
1098 1099
1020 1100
1099 1100
1021 1101
1100 1101
1022 1102
1101 1102
1102 1103
1024 1104
1025 1105
1104 1105
1105 1106
1027 1107
1106 1107
1028 1108
1107 1108
1030 1110
1109 1110
1031 1111
1110 1111
1032 1112
1111 1112
1033 1113
1112 1113
1034 1114
1113 1114
1035 1115
1114 1115
1036 1116
1115 1116
1037 1117
1038 1118
1117 1118
1039 1119
1118 1119
1041 1121
1042 1122
1121 1122
1043 1123
1044 1124
1123 1124
1045 1125
1124 1125
1046 1126
1125 1126
1047 1127
1126 1127
1048 1128
1127 1128
1049 1129
1128 1129
1129 1130
1051 1131
1131 1132
1053 1133
1132 1133
1133 1134
1055 1135
1134 1135
1056 1136
1135 1136
1057 1137
1136 1137
1058 1138
1059 1139
1138 1139
1060 1140
1139 1140
1061 1141
1140 1141
1062 1142
1141 1142
1063 1143
1064 1144
1143 1144
1065 1145
1144 1145
1066 1146
1145 1146
1067 1147
1146 1147
1147 1148
1069 1149
1148 1149
1070 1150
1072 1152
1151 1152
1073 1153
1152 1153
1074 1154
1153 1154
1075 1155
1155 1156
1077 1157
1156 1157
1078 1158
1157 1158
1158 1159
1080 1160
1081 1161
1082 1162
1083 1163
1162 1163
1084 1164
1163 1164
1085 1165
1164 1165
1086 1166
1165 1166
1087 1167
1166 1167
1088 1168
1089 1169
1168 1169
1169 1170
1091 1171
1170 1171
1092 1172
1171 1172
1172 1173
1094 1174
1173 1174
1174 1175
1096 1176
1175 1176
1097 1177
1176 1177
1098 1178
1177 1178
1099 1179
1178 1179
1100 1180
1179 1180
1180 1181
1102 1182
1181 1182
1103 1183
1182 1183
1183 1184
1105 1185
1184 1185
1106 1186
1185 1186
1107 1187
1186 1187
1108 1188
1187 1188
1109 1189
1188 1189
1110 1190
1111 1191
1112 1192
1191 1192
1192 1193
1114 1194
1193 1194
1115 1195
1194 1195
1195 1196
1117 1197
1196 1197
1118 1198
1197 1198
1119 1199
1198 1199
1120 1200
1201 1202
1123 1203
1202 1203
1124 1204
1203 1204
1125 1205
1204 1205
1205 1206
1127 1207
1206 1207
1128 1208
1207 1208
1208 1209
1209 1210
1131 1211
1210 1211
1132 1212
1133 1213
1212 1213
1134 1214
1135 1215
1214 1215
1136 1216
1215 1216
1137 1217
1217 1218
1139 1219
1218 1219
1140 1220
1219 1220
1141 1221
1142 1222
1221 1222
1143 1223
1222 1223
1223 1224
1224 1225
1146 1226
1226 1227
1148 1228
1227 1228
1149 1229
1150 1230
1229 1230
1151 1231
1230 1231
1231 1232
1153 1233
1232 1233
1154 1234
1233 1234
1155 1235
1234 1235
1156 1236
1235 1236
1157 1237
1236 1237
1237 1238
1238 1239
1162 1242
1241 1242
1163 1243
1243 1244
1165 1245
1244 1245
1166 1246
1245 1246
1246 1247
1168 1248
1247 1248
1248 1249
1249 1250
1171 1251
1250 1251
1251 1252
1173 1253
1252 1253
1174 1254
1253 1254
1254 1255
1176 1256
1255 1256
1177 1257
1178 1258
1257 1258
1179 1259
1258 1259
1180 1260
1259 1260
1181 1261
1260 1261
1182 1262
1261 1262
1183 1263
1262 1263
1264 1265
1186 1266
1265 1266
1266 1267
1188 1268
1267 1268
1189 1269
1268 1269
1190 1270
1269 1270
1191 1271
1270 1271
1192 1272
1272 1273
1273 1274
1274 1275
1196 1276
1275 1276
1197 1277
1276 1277
1277 1278
1199 1279
1278 1279
1200 1280
1279 1280
1201 1281
1202 1282
1281 1282
1282 1283
1204 1284
1205 1285
1284 1285
1206 1286
1285 1286
1207 1287
1208 1288
1287 1288
1209 1289
1288 1289
1289 1290
1211 1291
1290 1291
1212 1292
1213 1293
1292 1293
1214 1294
1215 1295
1294 1295
1216 1296
1295 1296
1217 1297
1296 1297
1218 1298
1219 1299
1298 1299
1220 1300
1299 1300
1300 1301
1301 1302
1302 1303
1224 1304
1303 1304
1225 1305
1304 1305
1226 1306
1305 1306
1227 1307
1306 1307
1228 1308
1307 1308
1229 1309
1308 1309
1230 1310
1231 1311
1232 1312
1311 1312
1233 1313
1312 1313
1234 1314
1313 1314
1235 1315
1314 1315
1236 1316
1315 1316
1316 1317
1238 1318
1318 1319
1240 1320
1319 1320
1242 1322
1321 1322
1243 1323
1322 1323
1244 1324
1323 1324
1324 1325
1246 1326
1325 1326
1326 1327
1327 1328
1249 1329
1250 1330
1329 1330
1251 1331
1330 1331
1252 1332
1331 1332
1253 1333
1332 1333
1254 1334
1333 1334
1256 1336
1335 1336
1258 1338
1337 1338
1259 1339
1338 1339
1339 1340
1261 1341
1262 1342
1341 1342
1263 1343
1342 1343
1264 1344
1343 1344
1265 1345
1344 1345
1345 1346
1346 1347
1268 1348
1347 1348
1269 1349
1348 1349
1349 1350
1271 1351
1350 1351
1272 1352
1351 1352
1273 1353
1352 1353
1274 1354
1353 1354
1275 1355
1354 1355
1276 1356
1355 1356
1277 1357
1278 1358
1357 1358
1279 1359
1358 1359
1280 1360
1359 1360
1281 1361
1361 1362
1283 1363
1362 1363
1284 1364
1363 1364
1364 1365
1365 1366
1287 1367
1366 1367
1288 1368
1367 1368
1289 1369
1368 1369
1290 1370
1291 1371
1370 1371
1371 1372
1372 1373
1294 1374
1373 1374
1295 1375
1374 1375
1296 1376
1375 1376
1297 1377
1376 1377
1298 1378
1299 1379
1378 1379
1300 1380
1379 1380
1301 1381
1302 1382
1381 1382
1303 1383
1382 1383
1304 1384
1383 1384
1306 1386
1385 1386
1307 1387
1386 1387
1308 1388
1309 1389
1388 1389
1310 1390
1389 1390
1311 1391
1390 1391
1312 1392
1391 1392
1313 1393
1392 1393
1314 1394
1393 1394
1315 1395
1394 1395
1316 1396
1395 1396
1317 1397
1396 1397
1318 1398
1397 1398
1319 1399
1398 1399
1320 1400
1399 1400
1321 1401
1400 1401
1322 1402
1401 1402
1323 1403
1402 1403
1324 1404
1403 1404
1325 1405
1326 1406
1405 1406
1406 1407
1328 1408
1407 1408
1329 1409
1408 1409
1330 1410
1409 1410
1410 1411
1332 1412
1411 1412
1333 1413
1412 1413
1413 1414
1414 1415
1415 1416
1337 1417
1416 1417
1338 1418
1417 1418
1339 1419
1340 1420
1419 1420
1341 1421
1420 1421
1342 1422
1421 1422
1343 1423
1422 1423
1344 1424
1423 1424
1345 1425
1346 1426
1425 1426
1347 1427
1426 1427
1348 1428
1427 1428
1349 1429
1428 1429
1350 1430
1429 1430
1351 1431
1430 1431
1352 1432
1431 1432
1353 1433
1432 1433
1354 1434
1433 1434
1355 1435
1356 1436
1435 1436
1357 1437
1436 1437
1358 1438
1437 1438
1359 1439
1438 1439
1360 1440
1439 1440
1361 1441
1362 1442
1441 1442
1363 1443
1442 1443
1364 1444
1443 1444
1365 1445
1444 1445
1366 1446
1445 1446
1367 1447
1446 1447
1368 1448
1447 1448
1369 1449
1448 1449
1370 1450
1449 1450
1371 1451
1372 1452
1451 1452
1373 1453
1452 1453
1374 1454
1453 1454
1454 1455
1377 1457
1456 1457
1457 1458
1379 1459
1458 1459
1459 1460
1381 1461
1460 1461
1461 1462
1383 1463
1462 1463
1384 1464
1463 1464
1385 1465
1464 1465
1386 1466
1465 1466
1387 1467
1466 1467
1388 1468
1467 1468
1389 1469
1469 1470
1391 1471
1470 1471
1392 1472
1471 1472
1393 1473
1394 1474
1473 1474
1395 1475
1474 1475
1396 1476
1475 1476
1397 1477
1476 1477
1398 1478
1477 1478
1399 1479
1478 1479
1400 1480
1479 1480
1402 1482
1481 1482
1403 1483
1482 1483
1404 1484
1483 1484
1406 1486
1485 1486
1407 1487
1486 1487
1408 1488
1487 1488
1409 1489
1488 1489
1410 1490
1411 1491
1490 1491
1412 1492
1491 1492
1413 1493
1492 1493
1414 1494
1493 1494
1494 1495
1416 1496
1495 1496
1417 1497
1418 1498
1497 1498
1419 1499
1498 1499
1499 1500
1500 1501
1422 1502
1501 1502
1423 1503
1502 1503
1424 1504
1503 1504
1425 1505
1426 1506
1505 1506
1427 1507
1428 1508
1429 1509
1508 1509
1430 1510
1509 1510
1510 1511
1432 1512
1511 1512
1433 1513
1512 1513
1434 1514
1435 1515
1436 1516
1516 1517
1438 1518
1439 1519
1518 1519
1440 1520
1519 1520
1441 1521
1442 1522
1521 1522
1443 1523
1522 1523
1444 1524
1445 1525
1446 1526
1525 1526
1447 1527
1527 1528
1449 1529
1528 1529
1530 1531
1452 1532
1531 1532
1453 1533
1532 1533
1454 1534
1533 1534
1455 1535
1456 1536
1535 1536
1457 1537
1536 1537
1458 1538
1537 1538
1459 1539
1539 1540
1461 1541
1540 1541
1462 1542
1463 1543
1542 1543
1464 1544
1543 1544
1465 1545
1544 1545
1545 1546
1546 1547
1468 1548
1547 1548
1469 1549
1548 1549
1470 1550
1549 1550
1472 1552
1551 1552
1473 1553
1552 1553
1474 1554
1553 1554
1475 1555
1554 1555
1477 1557
1478 1558
1557 1558
1479 1559
1558 1559
1480 1560
1559 1560
1481 1561
1560 1561
1482 1562
1483 1563
1562 1563
1484 1564
1563 1564
1485 1565
1564 1565
1487 1567
1566 1567
1488 1568
1489 1569
1568 1569
1490 1570
1569 1570
1570 1571
1571 1572
1572 1573
1494 1574
1573 1574
1575 1576
1497 1577
1576 1577
1577 1578
1499 1579
1500 1580
1579 1580
1501 1581
1580 1581
1502 1582
1581 1582
1503 1583
1582 1583
1583 1584
1505 1585
1584 1585
1585 1586
1507 1587
1586 1587
1508 1588
1509 1589
1588 1589
1510 1590
1589 1590
1511 1591
1590 1591
1512 1592
1591 1592
1592 1593
1514 1594
1593 1594
1594 1595
1595 1596
1596 1597
1518 1598
1519 1599
1598 1599
1520 1600
1599 1600
1521 1601
1522 1602
1601 1602
1523 1603
1524 1604
1603 1604
1525 1605
1526 1606
1605 1606
1527 1607
1606 1607
1528 1608
1607 1608
1529 1609
1608 1609
1530 1610
1609 1610
1531 1611
1610 1611
1532 1612
1611 1612
1533 1613
1612 1613
1534 1614
1613 1614
1535 1615
1614 1615
1536 1616
1615 1616
1537 1617
1538 1618
1617 1618
1618 1619
1540 1620
1619 1620
1541 1621
1620 1621
1542 1622
1621 1622
1543 1623
1622 1623
1544 1624
1623 1624
1624 1625
1546 1626
1625 1626
1626 1627
1548 1628
1627 1628
1549 1629
1550 1630
1629 1630
1551 1631
1630 1631
1552 1632
1631 1632
1554 1634
1633 1634
1555 1635
1556 1636
1635 1636
1557 1637
1636 1637
1637 1638
1559 1639
1560 1640
1639 1640
1561 1641
1640 1641
1562 1642
1642 1643
1564 1644
1643 1644
1565 1645
1644 1645
1566 1646
1645 1646
1567 1647
1568 1648
1647 1648
1569 1649
1648 1649
1570 1650
1649 1650
1571 1651
1650 1651
1572 1652
1651 1652
1573 1653
1653 1654
1575 1655
1576 1656
1655 1656
1656 1657
1578 1658
1657 1658
1579 1659
1658 1659
1580 1660
1581 1661
1660 1661
1582 1662
1661 1662
1583 1663
1584 1664
1663 1664
1585 1665
1586 1666
1665 1666
1587 1667
1666 1667
1588 1668
1589 1669
1668 1669
1590 1670
1669 1670
1591 1671
1592 1672
1671 1672
1593 1673
1672 1673
1594 1674
1673 1674
1595 1675
1596 1676
1675 1676
1597 1677
1676 1677
1677 1678
1678 1679
1679 1680
1681 1682
1603 1683
1682 1683
1604 1684
1683 1684
1605 1685
1685 1686
1607 1687
1686 1687
1609 1689
1688 1689
1610 1690
1689 1690
1611 1691
1690 1691
1612 1692
1691 1692
1613 1693
1692 1693
1614 1694
1615 1695
1694 1695
1616 1696
1695 1696
1617 1697
1696 1697
1618 1698
1697 1698
1619 1699
1698 1699
1620 1700
1699 1700
1621 1701
1622 1702
1623 1703
1702 1703
1624 1704
1703 1704
1625 1705
1704 1705
1626 1706
1627 1707
1706 1707
1707 1708
1708 1709
1709 1710
1631 1711
1710 1711
1632 1712
1711 1712
1633 1713
1712 1713
1634 1714
1635 1715
1714 1715
1636 1716
1715 1716
1638 1718
1717 1718
1639 1719
1640 1720
1719 1720
1641 1721
1720 1721
1721 1722
1643 1723
1645 1725
1724 1725
1647 1727
1726 1727
1648 1728
1727 1728
1649 1729
1728 1729
1650 1730
1651 1731
1652 1732
1731 1732
1653 1733
1732 1733
1654 1734
1733 1734
1734 1735
1735 1736
1657 1737
1736 1737
1658 1738
1659 1739
1738 1739
1660 1740
1739 1740
1661 1741
1740 1741
1662 1742
1663 1743
1742 1743
1664 1744
1743 1744
1665 1745
1744 1745
1666 1746
1745 1746
1667 1747
1668 1748
1748 1749
1670 1750
1749 1750
1671 1751
1672 1752
1751 1752
1673 1753
1752 1753
1674 1754
1753 1754
1675 1755
1754 1755
1755 1756
1677 1757
1756 1757
1678 1758
1757 1758
1679 1759
1758 1759
1680 1760
1759 1760
1681 1761
1682 1762
1761 1762
1683 1763
1762 1763
1763 1764
1685 1765
1764 1765
1686 1766
1765 1766
1766 1767
1688 1768
1768 1769
1690 1770
1769 1770
1691 1771
1770 1771
1771 1772
1693 1773
1694 1774
1773 1774
1774 1775
1696 1776
1697 1777
1776 1777
1777 1778
1699 1779
1778 1779
1779 1780
1701 1781
1702 1782
1781 1782
1703 1783
1782 1783
1704 1784
1783 1784
1705 1785
1784 1785
1706 1786
1707 1787
1786 1787
1708 1788
1787 1788
1709 1789
1788 1789
1710 1790
1789 1790
1711 1791
1790 1791
1791 1792
1714 1794
1793 1794
1715 1795
1794 1795
1716 1796
1717 1797
1718 1798
1797 1798
1719 1799
1798 1799
1720 1800
1799 1800
1800 1801
1722 1802
1801 1802
1723 1803
1802 1803
1724 1804
1803 1804
1725 1805
1804 1805
1726 1806
1805 1806
1728 1808
1807 1808
1729 1809
1730 1810
1809 1810
1731 1811
1810 1811
1732 1812
1811 1812
1733 1813
1812 1813
1734 1814
1813 1814
1735 1815
1814 1815
1736 1816
1815 1816
1737 1817
1816 1817
1738 1818
1817 1818
1739 1819
1818 1819
1740 1820
1819 1820
1741 1821
1820 1821
1742 1822
1821 1822
1822 1823
1823 1824
1745 1825
1825 1826
1828 1829
1750 1830
1829 1830
1751 1831
1830 1831
1752 1832
1753 1833
1832 1833
1754 1834
1833 1834
1834 1835
1756 1836
1835 1836
1836 1837
1758 1838
1837 1838
1838 1839
1760 1840
1839 1840
1761 1841
1762 1842
1841 1842
1842 1843
1764 1844
1843 1844
1765 1845
1766 1846
1845 1846
1767 1847
1846 1847
1768 1848
1847 1848
1848 1849
1770 1850
1849 1850
1771 1851
1851 1852
1773 1853
1852 1853
1774 1854
1853 1854
1775 1855
1854 1855
1776 1856
1855 1856
1778 1858
1857 1858
1779 1859
1859 1860
1781 1861
1782 1862
1861 1862
1862 1863
1784 1864
1863 1864
1864 1865
1786 1866
1865 1866
1787 1867
1866 1867
1788 1868
1867 1868
1789 1869
1868 1869
1790 1870
1869 1870
1870 1871
1792 1872
1871 1872
1793 1873
1872 1873
1873 1874
1795 1875
1874 1875
1796 1876
1875 1876
1797 1877
1876 1877
1798 1878
1877 1878
1799 1879
1800 1880
1880 1881
1802 1882
1881 1882
1803 1883
1882 1883
1805 1885
1884 1885
1806 1886
1885 1886
1807 1887
1886 1887
1808 1888
1887 1888
1888 1889
1810 1890
1889 1890
1811 1891
1890 1891
1812 1892
1891 1892
1813 1893
1892 1893
1814 1894
1893 1894
1815 1895
1894 1895
1816 1896
1895 1896
1817 1897
1896 1897
1818 1898
1819 1899
1820 1900
1899 1900
1900 1901
1822 1902
1901 1902
1823 1903
1902 1903
1824 1904
1826 1906
1907 1908
1908 1909
1830 1910
1909 1910
1831 1911
1910 1911
1832 1912
1913 1914
1835 1915
1914 1915
1836 1916
1915 1916
1837 1917
1838 1918
1917 1918
1839 1919
1918 1919
1840 1920
1842 1922
1921 1922
1843 1923
1922 1923
1844 1924
1923 1924
1845 1925
1846 1926
1925 1926
1847 1927
1926 1927
1848 1928
1927 1928
1928 1929
1850 1930
1929 1930
1851 1931
1931 1932
1853 1933
1932 1933
1854 1934
1933 1934
1855 1935
1934 1935
1856 1936
1857 1937
1936 1937
1858 1938
1937 1938
1859 1939
1938 1939
1860 1940
1939 1940
1861 1941
1940 1941
1941 1942
1863 1943
1942 1943
1864 1944
1943 1944
1865 1945
1944 1945
1866 1946
1945 1946
1946 1947
1868 1948
1869 1949
1948 1949
1870 1950
1871 1951
1950 1951
1872 1952
1951 1952
1874 1954
1953 1954
1954 1955
1955 1956
1877 1957
1878 1958
1957 1958
1879 1959
1958 1959
1959 1960
1881 1961
1882 1962
1961 1962
1883 1963
1962 1963
1963 1964
1885 1965
1965 1966
1887 1967
1966 1967
1888 1968
1967 1968
1889 1969
1890 1970
1891 1971
1970 1971
1892 1972
1971 1972
1893 1973
1894 1974
1973 1974
1895 1975
1896 1976
1975 1976
1897 1977
1976 1977
1898 1978
1977 1978
1899 1979
1900 1980
1979 1980
1901 1981
1902 1982
1903 1983
1904 1984
1983 1984
1905 1985
1984 1985
1906 1986
1985 1986
1986 1987
1908 1988
1909 1989
1988 1989
1910 1990
1911 1991
1990 1991
1912 1992
1913 1993
1992 1993
1914 1994
1993 1994
1916 1996
1995 1996
1917 1997
1996 1997
1918 1998
1997 1998
1919 1999
1998 1999
1920 2000
1999 2000
1921 2001
1922 2002
2001 2002
2002 2003
1924 2004
1925 2005
2004 2005
1926 2006
2005 2006
1927 2007
2006 2007
1928 2008
2007 2008
1929 2009
1930 2010
2009 2010
1931 2011
2010 2011
1932 2012
2011 2012
1933 2013
2012 2013
1934 2014
2013 2014
1935 2015
2014 2015
2015 2016
1937 2017
2016 2017
1938 2018
2017 2018
1939 2019
1940 2020
2019 2020
2020 2021
1942 2022
1943 2023
2022 2023
2023 2024
1945 2025
2024 2025
1946 2026
2025 2026
1947 2027
2026 2027
1948 2028
1949 2029
2028 2029
1950 2030
1952 2032
2031 2032
2032 2033
1954 2034
2033 2034
1955 2035
2034 2035
1956 2036
2035 2036
1957 2037
1958 2038
2037 2038
2038 2039
1960 2040
1961 2041
1962 2042
2041 2042
1963 2043
2042 2043
1964 2044
2043 2044
1965 2045
2044 2045
1966 2046
2045 2046
1967 2047
2046 2047
1969 2049
2048 2049
1970 2050
2051 2052
1973 2053
2052 2053
1974 2054
1975 2055
2054 2055
1976 2056
2055 2056
1977 2057
2056 2057
1978 2058
2057 2058
1979 2059
1980 2060
2059 2060
1981 2061
2060 2061
2061 2062
1983 2063
2062 2063
1984 2064
2063 2064
2064 2065
1986 2066
2065 2066
1987 2067
1988 2068
2067 2068
1989 2069
2068 2069
1990 2070
2069 2070
1991 2071
2070 2071
1992 2072
2071 2072
1993 2073
2072 2073
1994 2074
2073 2074
1995 2075
1996 2076
1997 2077
2076 2077
1998 2078
2077 2078
1999 2079
2078 2079
2000 2080
2079 2080
2001 2081
2002 2082
2081 2082
2003 2083
2082 2083
2004 2084
2083 2084
2005 2085
2084 2085
2006 2086
2085 2086
2008 2088
2009 2089
2088 2089
2010 2090
2089 2090
2011 2091
2090 2091
2012 2092
2013 2093
2092 2093
2014 2094
2015 2095
2094 2095
2095 2096
2017 2097
2099 2100
2021 2101
2100 2101
2022 2102
2023 2103
2024 2104
2103 2104
2104 2105
2105 2106
2027 2107
2106 2107
2028 2108
2029 2109
2030 2110
2109 2110
2031 2111
2110 2111
2111 2112
2033 2113
2112 2113
2034 2114
2113 2114
2114 2115
2036 2116
2115 2116
2037 2117
2038 2118
2117 2118
2118 2119
2041 2121
2121 2122
2122 2123
2044 2124
2123 2124
2046 2126
2125 2126
2047 2127
2048 2128
2127 2128
2049 2129
2128 2129
2050 2130
2129 2130
2130 2131
2052 2132
2131 2132
2053 2133
2132 2133
2054 2134
2055 2135
2134 2135
2056 2136
2135 2136
2136 2137
2058 2138
2137 2138
2059 2139
2138 2139
2060 2140
2139 2140
2061 2141
2140 2141
2062 2142
2141 2142
2063 2143
2142 2143
2064 2144
2143 2144
2144 2145
2145 2146
2067 2147
2146 2147
2068 2148
2147 2148
2069 2149
2148 2149
2070 2150
2149 2150
2071 2151
2150 2151
2072 2152
2073 2153
2152 2153
2074 2154
2153 2154
2075 2155
2154 2155
2155 2156
2156 2157
2078 2158
2157 2158
2158 2159
2159 2160
2081 2161
2082 2162
2161 2162
2083 2163
2162 2163
2084 2164
2163 2164
2085 2165
2164 2165
2086 2166
2165 2166
2087 2167
2088 2168
2167 2168
2089 2169
2090 2170
2169 2170
2091 2171
2170 2171
2092 2172
2093 2173
2172 2173
2173 2174
2095 2175
2174 2175
2096 2176
2175 2176
2176 2177
2098 2178
2177 2178
2099 2179
2178 2179
2100 2180
2179 2180
2101 2181
2180 2181
2102 2182
2103 2183
2182 2183
2104 2184
2183 2184
2105 2185
2184 2185
2185 2186
2107 2187
2186 2187
2108 2188
2187 2188
2109 2189
2110 2190
2190 2191
2112 2192
2191 2192
2113 2193
2192 2193
2114 2194
2193 2194
2115 2195
2194 2195
2116 2196
2195 2196
2196 2197
2197 2198
2119 2199
2198 2199
2120 2200
2199 2200
2121 2201
2122 2202
2201 2202
2202 2203
2124 2204
2203 2204
2204 2205
2126 2206
2205 2206
2127 2207
2128 2208
2207 2208
2129 2209
2208 2209
2130 2210
2209 2210
2131 2211
2210 2211
2132 2212
2211 2212
2133 2213
2212 2213
2134 2214
2213 2214
2135 2215
2136 2216
2215 2216
2137 2217
2216 2217
2138 2218
2217 2218
2139 2219
2140 2220
2219 2220
2141 2221
2142 2222
2221 2222
2143 2223
2222 2223
2144 2224
2223 2224
2145 2225
2224 2225
2146 2226
2226 2227
2148 2228
2227 2228
2149 2229
2228 2229
2150 2230
2229 2230
2151 2231
2230 2231
2152 2232
2231 2232
2153 2233
2232 2233
2154 2234
2233 2234
2155 2235
2234 2235
2156 2236
2235 2236
2236 2237
2158 2238
2237 2238
2159 2239
2238 2239
2160 2240
2239 2240
2161 2241
2241 2242
2242 2243
2164 2244
2243 2244
2165 2245
2244 2245
2245 2246
2167 2247
2246 2247
2168 2248
2247 2248
2169 2249
2170 2250
2249 2250
2171 2251
2250 2251
2172 2252
2251 2252
2173 2253
2252 2253
2174 2254
2253 2254
2175 2255
2254 2255
2176 2256
2255 2256
2177 2257
2256 2257
2257 2258
2179 2259
2258 2259
2180 2260
2259 2260
2181 2261
2260 2261
2182 2262
2261 2262
2183 2263
2262 2263
2184 2264
2263 2264
2185 2265
2264 2265
2186 2266
2265 2266
2187 2267
2266 2267
2267 2268
2189 2269
2268 2269
2190 2270
2269 2270
2191 2271
2270 2271
2192 2272
2193 2273
2194 2274
2273 2274
2195 2275
2274 2275
2197 2277
2276 2277
2198 2278
2199 2279
2278 2279
2200 2280
2279 2280
2201 2281
2202 2282
2281 2282
2203 2283
2282 2283
2204 2284
2283 2284
2205 2285
2285 2286
2207 2287
2209 2289
2210 2290
2289 2290
2211 2291
2212 2292
2291 2292
2213 2293
2292 2293
2215 2295
2294 2295
2216 2296
2295 2296
2217 2297
2296 2297
2218 2298
2297 2298
2219 2299
2298 2299
2220 2300
2221 2301
2300 2301
2222 2302
2301 2302
2223 2303
2302 2303
2224 2304
2303 2304
2225 2305
2226 2306
2227 2307
2228 2308
2307 2308
2229 2309
2308 2309
2230 2310
2309 2310
2310 2311
2232 2312
2311 2312
2233 2313
2312 2313
2234 2314
2314 2315
2236 2316
2315 2316
2237 2317
2316 2317
2317 2318
2318 2319
2240 2320
2319 2320
2241 2321
2242 2322
2321 2322
2243 2323
2244 2324
2323 2324
2245 2325
2324 2325
2246 2326
2325 2326
2247 2327
2326 2327
2248 2328
2327 2328
2249 2329
2250 2330
2251 2331
2330 2331
2331 2332
2253 2333
2254 2334
2333 2334
2255 2335
2334 2335
2256 2336
2335 2336
2257 2337
2259 2339
2338 2339
2260 2340
2261 2341
2340 2341
2262 2342
2341 2342
2342 2343
2343 2344
2265 2345
2344 2345
2266 2346
2345 2346
2267 2347
2346 2347
2268 2348
2347 2348
2269 2349
2270 2350
2349 2350
2271 2351
2350 2351
2272 2352
2351 2352
2273 2353
2352 2353
2354 2355
2276 2356
2355 2356
2277 2357
2356 2357
2278 2358
2357 2358
2279 2359
2358 2359
2280 2360
2359 2360
2360 2361
2282 2362
2361 2362
2283 2363
2362 2363
2284 2364
2363 2364
2285 2365
2364 2365
2287 2367
2366 2367
2288 2368
2289 2369
2368 2369
2290 2370
2369 2370
2291 2371
2371 2372
2373 2374
2374 2375
2296 2376
2375 2376
2376 2377
2298 2378
2377 2378
2299 2379
2378 2379
2300 2380
2379 2380
2301 2381
2380 2381
2302 2382
2381 2382
2303 2383
2382 2383
2304 2384
2305 2385
2384 2385
2306 2386
2385 2386
2307 2387
2386 2387
2387 2388
2309 2389
2388 2389
2310 2390
2311 2391
2390 2391
2391 2392
2313 2393
2392 2393
2314 2394
2393 2394
2315 2395
2394 2395
2316 2396
2317 2397
2396 2397
2398 2399
2320 2400
2399 2400
2321 2401
2322 2402
2401 2402
2323 2403
2402 2403
2324 2404
2403 2404
2404 2405
2326 2406
2405 2406
2327 2407
2406 2407
2328 2408
2407 2408
2329 2409
2408 2409
2330 2410
2409 2410
2331 2411
2410 2411
2412 2413
2334 2414
2413 2414
2335 2415
2336 2416
2415 2416
2338 2418
2417 2418
2339 2419
2418 2419
2340 2420
2419 2420
2341 2421
2420 2421
2342 2422
2421 2422
2343 2423
2422 2423
2344 2424
2423 2424
2424 2425
2346 2426
2425 2426
2347 2427
2426 2427
2349 2429
2428 2429
2350 2430
2429 2430
2351 2431
2430 2431
2352 2432
2353 2433
2432 2433
2354 2434
2433 2434
2355 2435
2434 2435
2356 2436
2435 2436
2357 2437
2358 2438
2437 2438
2360 2440
2439 2440
2361 2441
2362 2442
2441 2442
2363 2443
2364 2444
2443 2444
2444 2445
2366 2446
2445 2446
2367 2447
2446 2447
2368 2448
2447 2448
2369 2449
2448 2449
2370 2450
2371 2451
2450 2451
2372 2452
2451 2452
2373 2453
2452 2453
2374 2454
2453 2454
2375 2455
2454 2455
2376 2456
2455 2456
2377 2457
2457 2458
2458 2459
2380 2460
2459 2460
2381 2461
2460 2461
2382 2462
2461 2462
2462 2463
2463 2464
2464 2465
2386 2466
2465 2466
2387 2467
2466 2467
2467 2468
2389 2469
2468 2469
2469 2470
2391 2471
2470 2471
2392 2472
2471 2472
2393 2473
2472 2473
2394 2474
2473 2474
2474 2475
2396 2476
2475 2476
2398 2478
2477 2478
2399 2479
2400 2480
2401 2481
2402 2482
2481 2482
2403 2483
2482 2483
2404 2484
2483 2484
2405 2485
2484 2485
2406 2486
2485 2486
2407 2487
2408 2488
2487 2488
2410 2490
2489 2490
2412 2492
2413 2493
2492 2493
2414 2494
2415 2495
2416 2496
2495 2496
2417 2497
2496 2497
2418 2498
2497 2498
2419 2499
2498 2499
2499 2500
2421 2501
2500 2501
2422 2502
2501 2502
2423 2503
2424 2504
2503 2504
2425 2505
2504 2505
2426 2506
2505 2506
2506 2507
2428 2508
2507 2508
2429 2509
2508 2509
2430 2510
2509 2510
2431 2511
2510 2511
2511 2512
2433 2513
2434 2514
2513 2514
2435 2515
2436 2516
2515 2516
2437 2517
2438 2518
2517 2518
2440 2520
2519 2520
2520 2521
2442 2522
2443 2523
2444 2524
2523 2524
2524 2525
2446 2526
2447 2527
2526 2527
2448 2528
2449 2529
2451 2531
2530 2531
2531 2532
2453 2533
2454 2534
2456 2536
2535 2536
2458 2538
2537 2538
2459 2539
2460 2540
2461 2541
2540 2541
2541 2542
2542 2543
2464 2544
2543 2544
2465 2545
2544 2545
2466 2546
2545 2546
2467 2547
2546 2547
2468 2548
2548 2549
2470 2550
2471 2551
2550 2551
2472 2552
2551 2552
2473 2553
2552 2553
2474 2554
2475 2555
2554 2555
2476 2556
2555 2556
2556 2557
2557 2558
2558 2559
2480 2560
2559 2560
2481 2561
2561 2562
2483 2563
2562 2563
2484 2564
2563 2564
2485 2565
2564 2565
2565 2566
2487 2567
2566 2567
2488 2568
2567 2568
2489 2569
2568 2569
2569 2570
2491 2571
2492 2572
2571 2572
2493 2573
2572 2573
2494 2574
2573 2574
2495 2575
2574 2575
2575 2576
2497 2577
2576 2577
2498 2578
2577 2578
2499 2579
2578 2579
2500 2580
2579 2580
2501 2581
2580 2581
2581 2582
2503 2583
2582 2583
2583 2584
2505 2585
2584 2585
2506 2586
2507 2587
2586 2587
2587 2588
2509 2589
2510 2590
2589 2590
2511 2591
2590 2591
2512 2592
2591 2592
2513 2593
2592 2593
2514 2594
2593 2594
2515 2595
2594 2595
2516 2596
2517 2597
2596 2597
2518 2598
2519 2599
2598 2599
2520 2600
2599 2600
2521 2601
2600 2601
2522 2602
2601 2602
2523 2603
2602 2603
2524 2604
2603 2604
2525 2605
2526 2606
2605 2606
2606 2607
2528 2608
2529 2609
2608 2609
2530 2610
2609 2610
2531 2611
2610 2611
2612 2613
2534 2614
2613 2614
2535 2615
2614 2615
2536 2616
2615 2616
2537 2617
2616 2617
2538 2618
2617 2618
2539 2619
2618 2619
2540 2620
2619 2620
2541 2621
2620 2621
2621 2622
2543 2623
2622 2623
2544 2624
2545 2625
2624 2625
2546 2626
2625 2626
2547 2627
2626 2627
2627 2628
2628 2629
2550 2630
2551 2631
2630 2631
2552 2632
2631 2632
2553 2633
2632 2633
2554 2634
2633 2634
2555 2635
2634 2635
2556 2636
2636 2637
2639 2640
2561 2641
2562 2642
2641 2642
2563 2643
2642 2643
2564 2644
2643 2644
2565 2645
2566 2646
2645 2646
2567 2647
2646 2647
2568 2648
2647 2648
2569 2649
2648 2649
2570 2650
2649 2650
2571 2651
2572 2652
2651 2652
2573 2653
2652 2653
2574 2654
2653 2654
2654 2655
2576 2656
2577 2657
2578 2658
2657 2658
2579 2659
2658 2659
2580 2660
2659 2660
2581 2661
2660 2661
2582 2662
2661 2662
2583 2663
2662 2663
2584 2664
2663 2664
2664 2665
2586 2666
2665 2666
2587 2667
2666 2667
2588 2668
2589 2669
2668 2669
2670 2671
2592 2672
2671 2672
2672 2673
2673 2674
2595 2675
2596 2676
2675 2676
2597 2677
2676 2677
2677 2678
2678 2679
2600 2680
2679 2680
2601 2681
2680 2681
2681 2682
2603 2683
2682 2683
2683 2684
2605 2685
2606 2686
2607 2687
2686 2687
2608 2688
2687 2688
2609 2689
2688 2689
2610 2690
2689 2690
2611 2691
2690 2691
2612 2692
2613 2693
2692 2693
2693 2694
2694 2695
2616 2696
2695 2696
2618 2698
2697 2698
2619 2699
2698 2699
2620 2700
2622 2702
2702 2703
2624 2704
2703 2704
2704 2705
2705 2706
2706 2707
2628 2708
2707 2708
2629 2709
2708 2709
2630 2710
2709 2710
2631 2711
2710 2711
2632 2712
2711 2712
2633 2713
2712 2713
2634 2714
2713 2714
2714 2715
2636 2716
2715 2716
2716 2717
2638 2718
2717 2718
2639 2719
2640 2720
2641 2721
2642 2722
2721 2722
2643 2723
2644 2724
2723 2724
2645 2725
2724 2725
2646 2726
2725 2726
2647 2727
2726 2727
2727 2728
2650 2730
2729 2730
2651 2731
2730 2731
2652 2732
2731 2732
2653 2733
2732 2733
2654 2734
2733 2734
2655 2735
2734 2735
2656 2736
2735 2736
2657 2737
2736 2737
2658 2738
2737 2738
2659 2739
2738 2739
2660 2740
2739 2740
2661 2741
2740 2741
2662 2742
2741 2742
2663 2743
2742 2743
2664 2744
2743 2744
2665 2745
2744 2745
2666 2746
2745 2746
2667 2747
2668 2748
2747 2748
2669 2749
2748 2749
2670 2750
2749 2750
2671 2751
2672 2752
2751 2752
2752 2753
2674 2754
2675 2755
2754 2755
2677 2757
2756 2757
2678 2758
2757 2758
2679 2759
2758 2759
2680 2760
2759 2760
2760 2761
2682 2762
2683 2763
2762 2763
2684 2764
2763 2764
2685 2765
2764 2765
2686 2766
2765 2766
2687 2767
2688 2768
2768 2769
2690 2770
2769 2770
2691 2771
2692 2772
2771 2772
2693 2773
2773 2774
2774 2775
2696 2776
2775 2776
2697 2777
2698 2778
2699 2779
2778 2779
2700 2780
2701 2781
2780 2781
2702 2782
2703 2783
2782 2783
2704 2784
2783 2784
2706 2786
2785 2786
2707 2787
2786 2787
2708 2788
2709 2789
2788 2789
2710 2790
2789 2790
2711 2791
2790 2791
2712 2792
2791 2792
2713 2793
2792 2793
2714 2794
2793 2794
2715 2795
2794 2795
2716 2796
2795 2796
2717 2797
2796 2797
2797 2798
2719 2799
2798 2799
2720 2800
2799 2800
2721 2801
2722 2802
2801 2802
2723 2803
2802 2803
2724 2804
2803 2804
2725 2805
2804 2805
2805 2806
2727 2807
2806 2807
2728 2808
2807 2808
2808 2809
2730 2810
2809 2810
2731 2811
2811 2812
2733 2813
2812 2813
2734 2814
2735 2815
2814 2815
2736 2816
2815 2816
2737 2817
2816 2817
2738 2818
2817 2818
2818 2819
2819 2820
2741 2821
2820 2821
2742 2822
2821 2822
2743 2823
2744 2824
2745 2825
2824 2825
2826 2827
2827 2828
2749 2829
2828 2829
2750 2830
2829 2830
2751 2831
2830 2831
2752 2832
2831 2832
2753 2833
2754 2834
2755 2835
2834 2835
2756 2836
2835 2836
2757 2837
2836 2837
2758 2838
2838 2839
2760 2840
2839 2840
2840 2841
2841 2842
2842 2843
2764 2844
2843 2844
2765 2845
2844 2845
2766 2846
2845 2846
2767 2847
2768 2848
2847 2848
2769 2849
2848 2849
2770 2850
2849 2850
2771 2851
2850 2851
2772 2852
2851 2852
2773 2853
2774 2854
2853 2854
2775 2855
2854 2855
2776 2856
2777 2857
2856 2857
2778 2858
2858 2859
2859 2860
2782 2862
2861 2862
2783 2863
2862 2863
2785 2865
2864 2865
2786 2866
2865 2866
2866 2867
2788 2868
2867 2868
2789 2869
2790 2870
2791 2871
2870 2871
2792 2872
2871 2872
2793 2873
2872 2873
2794 2874
2873 2874
2795 2875
2874 2875
2875 2876
2797 2877
2876 2877
2799 2879
2878 2879
2800 2880
2801 2881
2802 2882
2881 2882
2882 2883
2804 2884
2883 2884
2805 2885
2884 2885
2806 2886
2885 2886
2886 2887
2808 2888
2887 2888
2809 2889
2888 2889
2810 2890
2811 2891
2890 2891
2891 2892
2813 2893
2892 2893
2814 2894
2893 2894
2894 2895
2816 2896
2817 2897
2896 2897
2897 2898
2898 2899
2820 2900
2899 2900
2900 2901
2822 2902
2823 2903
2902 2903
2824 2904
2903 2904
2825 2905
2826 2906
2905 2906
2827 2907
2906 2907
2907 2908
2829 2909
2908 2909
2830 2910
2909 2910
2831 2911
2910 2911
2832 2912
2911 2912
2833 2913
2834 2914
2913 2914
2835 2915
2914 2915
2836 2916
2915 2916
2837 2917
2916 2917
2838 2918
2917 2918
2839 2919
2840 2920
2841 2921
2920 2921
2842 2922
2921 2922
2843 2923
2922 2923
2844 2924
2923 2924
2845 2925
2925 2926
2847 2927
2926 2927
2848 2928
2927 2928
2849 2929
2928 2929
2850 2930
2929 2930
2852 2932
2853 2933
2932 2933
2854 2934
2933 2934
2934 2935
2856 2936
2935 2936
2857 2937
2936 2937
2937 2938
2859 2939
2860 2940
2939 2940
2861 2941
2940 2941
2862 2942
2941 2942
2863 2943
2864 2944
2943 2944
2944 2945
2866 2946
2867 2947
2946 2947
2868 2948
2947 2948
2869 2949
2948 2949
2870 2950
2949 2950
2872 2952
2951 2952
2873 2953
2952 2953
2874 2954
2953 2954
2875 2955
2954 2955
2876 2956
2955 2956
2877 2957
2956 2957
2878 2958
2957 2958
2879 2959
2958 2959
2880 2960
2959 2960
2882 2962
2961 2962
2883 2963
2962 2963
2884 2964
2963 2964
2885 2965
2964 2965
2886 2966
2965 2966
2887 2967
2966 2967
2888 2968
2967 2968
2889 2969
2968 2969
2890 2970
2969 2970
2970 2971
2892 2972
2971 2972
2893 2973
2972 2973
2894 2974
2973 2974
2895 2975
2974 2975
2896 2976
2975 2976
2897 2977
2976 2977
2898 2978
2977 2978
2899 2979
2978 2979
2900 2980
2979 2980
2901 2981
2902 2982
2981 2982
2903 2983
2982 2983
2904 2984
2983 2984
2905 2985
2984 2985
2906 2986
2985 2986
2907 2987
2986 2987
2908 2988
2987 2988
2988 2989
2910 2990
2989 2990
2911 2991
2990 2991
2912 2992
2991 2992
2913 2993
2914 2994
2915 2995
2994 2995
2916 2996
2995 2996
2917 2997
2996 2997
2918 2998
2997 2998
2919 2999
2920 3000
2999 3000
3000 3001
2922 3002
2923 3003
3003 3004
2925 3005
3004 3005
2926 3006
3005 3006
2927 3007
3006 3007
3008 3009
2930 3010
3009 3010
2931 3011
3010 3011
2932 3012
3011 3012
2933 3013
3012 3013
2934 3014
2935 3015
3014 3015
3015 3016
3016 3017
2938 3018
3017 3018
3018 3019
2940 3020
3019 3020
3020 3021
2942 3022
3021 3022
2943 3023
3022 3023
2944 3024
3023 3024
2945 3025
3024 3025
2946 3026
3025 3026
2947 3027
3026 3027
2948 3028
2949 3029
3028 3029
2950 3030
2951 3031
3030 3031
2952 3032
3031 3032
2953 3033
3032 3033
3033 3034
2955 3035
3034 3035
2956 3036
3035 3036
2957 3037
3036 3037
2958 3038
3037 3038
3038 3039
2960 3040
2961 3041
2962 3042
3041 3042
3042 3043
2964 3044
3043 3044
2965 3045
3044 3045
2966 3046
2967 3047
3046 3047
3047 3048
2969 3049
2970 3050
3049 3050
2971 3051
3050 3051
2973 3053
3052 3053
2974 3054
3054 3055
2976 3056
2977 3057
3056 3057
2978 3058
3057 3058
3058 3059
2980 3060
3059 3060
2981 3061
3060 3061
2982 3062
3061 3062
3062 3063
2984 3064
2985 3065
3064 3065
3065 3066
2987 3067
3066 3067
2988 3068
3067 3068
2989 3069
2990 3070
3069 3070
2991 3071
3070 3071
2992 3072
3071 3072
2993 3073
3072 3073
2994 3074
3073 3074
2995 3075
3074 3075
2997 3077
2998 3078
3077 3078
2999 3079
3078 3079
3079 3080
3001 3081
3080 3081
3081 3082
3003 3083
3082 3083
3004 3084
3083 3084
3005 3085
3084 3085
3006 3086
3007 3087
3008 3088
3087 3088
3010 3090
3089 3090
3011 3091
3090 3091
3012 3092
3091 3092
3014 3094
3015 3095
3094 3095
3016 3096
3095 3096
3017 3097
3096 3097
3018 3098
3097 3098
3019 3099
3098 3099
3020 3100
3021 3101
3100 3101
3022 3102
3023 3103
3102 3103
3103 3104
3104 3105
3105 3106
3027 3107
3106 3107
3028 3108
3107 3108
3029 3109
3108 3109
3030 3110
3109 3110
3110 3111
3032 3112
3111 3112
3033 3113
3112 3113
3034 3114
3113 3114
3035 3115
3114 3115
3036 3116
3115 3116
3116 3117
3038 3118
3039 3119
3118 3119
3040 3120
3041 3121
3042 3122
3121 3122
3043 3123
3122 3123
3044 3124
3123 3124
3045 3125
3046 3126
3047 3127
3126 3127
3048 3128
3127 3128
3049 3129
3128 3129
3129 3130
3051 3131
3130 3131
3052 3132
3131 3132
3053 3133
3132 3133
3054 3134
3133 3134
3134 3135
3056 3136
3135 3136
3057 3137
3136 3137
3058 3138
3137 3138
3059 3139
3138 3139
3060 3140
3139 3140
3061 3141
3140 3141
3062 3142
3142 3143
3064 3144
3143 3144
3065 3145
3144 3145
3145 3146
3067 3147
3146 3147
3068 3148
3147 3148
3148 3149
3070 3150
3071 3151
3150 3151
3072 3152
3151 3152
3073 3153
3074 3154
3075 3155
3154 3155
3076 3156
3155 3156
3077 3157
3156 3157
3078 3158
3157 3158
3079 3159
3158 3159
3159 3160
3081 3161
3160 3161
3082 3162
3083 3163
3162 3163
3163 3164
3164 3165
3165 3166
3087 3167
3167 3168
3089 3169
3168 3169
3090 3170
3169 3170
3091 3171
3170 3171
3092 3172
3171 3172
3093 3173
3094 3174
3173 3174
3095 3175
3174 3175
3096 3176
3175 3176
3097 3177
3098 3178
3177 3178
3099 3179
3100 3180
3101 3181
3180 3181
3102 3182
3181 3182
3103 3183
3104 3184
3183 3184
3105 3185
3106 3186
3185 3186
3107 3187
3186 3187
3108 3188
3187 3188
3109 3189
3110 3190
3189 3190
3111 3191
3190 3191
3112 3192
3191 3192
3192 3193
3114 3194
3193 3194
3115 3195
3194 3195
3116 3196
3195 3196
3117 3197
3197 3198
3119 3199
3198 3199
3120 3200
3199 3200
3121 3201
3122 3202
3201 3202
3123 3203
3124 3204
3203 3204
3125 3205
3204 3205
3126 3206
3205 3206
3206 3207
3128 3208
3207 3208
3129 3209
3208 3209
3130 3210
3209 3210
3210 3211
3212 3213
3134 3214
3213 3214
3135 3215
3136 3216
3215 3216
3137 3217
3138 3218
3217 3218
3218 3219
3140 3220
3219 3220
3141 3221
3220 3221
3221 3222
3143 3223
3222 3223
3144 3224
3223 3224
3224 3225
3146 3226
3225 3226
3147 3227
3148 3228
3227 3228
3149 3229
3228 3229
3150 3230
3229 3230
3151 3231
3230 3231
3152 3232
3231 3232
3153 3233
3154 3234
3233 3234
3155 3235
3156 3236
3235 3236
3157 3237
3236 3237
3158 3238
3237 3238
3159 3239
3238 3239
3160 3240
3239 3240
3161 3241
3240 3241
3162 3242
3163 3243
3242 3243
3164 3244
3243 3244
3244 3245
3166 3246
3245 3246
3167 3247
3246 3247
3168 3248
3247 3248
3169 3249
3248 3249
3170 3250
3171 3251
3250 3251
3172 3252
3251 3252
3252 3253
3174 3254
3253 3254
3175 3255
3254 3255
3255 3256
3177 3257
3256 3257
3178 3258
3257 3258
3179 3259
3180 3260
3259 3260
3181 3261
3260 3261
3261 3262
3183 3263
3262 3263
3184 3264
3263 3264
3185 3265
3264 3265
3186 3266
3265 3266
3187 3267
3266 3267
3188 3268
3267 3268
3189 3269
3268 3269
3190 3270
3269 3270
3191 3271
3192 3272
3271 3272
3193 3273
3272 3273
3194 3274
3273 3274
3196 3276
3275 3276
3197 3277
3276 3277
3277 3278
3199 3279
3278 3279
3200 3280
3279 3280
3201 3281
3202 3282
3281 3282
3203 3283
3282 3283
3204 3284
3283 3284
3205 3285
3284 3285
3285 3286
3286 3287
3208 3288
3287 3288
3288 3289
3289 3290
3211 3291
3290 3291
3291 3292
3213 3293
3292 3293
3214 3294
3293 3294
3215 3295
3294 3295
3216 3296
3295 3296
3217 3297
3296 3297
3218 3298
3297 3298
3219 3299
3298 3299
3220 3300
3221 3301
3300 3301
3301 3302
3223 3303
3224 3304
3303 3304
3225 3305
3304 3305
3226 3306
3305 3306
3227 3307
3228 3308
3307 3308
3229 3309
3230 3310
3309 3310
3310 3311
3232 3312
3311 3312
3312 3313
3313 3314
3235 3315
3314 3315
3236 3316
3315 3316
3316 3317
3238 3318
3239 3319
3240 3320
3319 3320
3241 3321
3320 3321
3321 3322
3243 3323
3322 3323
3244 3324
3323 3324
3324 3325
3325 3326
3247 3327
3326 3327
3248 3328
3327 3328
3249 3329
3250 3330
3329 3330
3251 3331
3252 3332
3331 3332
3332 3333
3254 3334
3333 3334
3255 3335
3334 3335
3256 3336
3335 3336
3257 3337
3336 3337
3258 3338
3259 3339
3338 3339
3260 3340
3339 3340
3261 3341
3340 3341
3262 3342
3341 3342
3263 3343
3342 3343
3264 3344
3343 3344
3265 3345
3344 3345
3266 3346
3345 3346
3267 3347
3346 3347
3268 3348
3347 3348
3269 3349
3348 3349
3270 3350
3349 3350
3271 3351
3350 3351
3351 3352
3273 3353
3352 3353
3275 3355
3354 3355
3355 3356
3356 3357
3278 3358
3357 3358
3280 3360
3359 3360
3281 3361
3361 3362
3362 3363
3284 3364
3285 3365
3364 3365
3286 3366
3365 3366
3288 3368
3367 3368
3289 3369
3368 3369
3290 3370
3369 3370
3292 3372
3371 3372
3293 3373
3372 3373
3373 3374
3295 3375
3374 3375
3296 3376
3375 3376
3297 3377
3298 3378
3377 3378
3299 3379
3378 3379
3300 3380
3379 3380
3302 3382
3381 3382
3303 3383
3304 3384
3383 3384
3384 3385
3307 3387
3387 3388
3388 3389
3310 3390
3390 3391
3312 3392
3391 3392
3313 3393
3392 3393
3314 3394
3315 3395
3394 3395
3316 3396
3395 3396
3317 3397
3396 3397
3318 3398
3397 3398
3319 3399
3398 3399
3320 3400
3400 3401
3322 3402
3401 3402
3323 3403
3324 3404
3403 3404
3325 3405
3404 3405
3326 3406
3327 3407
3406 3407
3328 3408
3407 3408
3329 3409
3408 3409
3330 3410
3409 3410
3410 3411
3332 3412
3411 3412
3333 3413
3334 3414
3414 3415
3336 3416
3415 3416
3416 3417
3338 3418
3417 3418
3339 3419
3418 3419
3340 3420
3419 3420
3341 3421
3420 3421
3342 3422
3421 3422
3343 3423
3422 3423
3344 3424
3423 3424
3345 3425
3424 3425
3346 3426
3425 3426
3426 3427
3348 3428
3427 3428
3349 3429
3428 3429
3350 3430
3429 3430
3351 3431
3431 3432
3353 3433
3432 3433
3354 3434
3433 3434
3355 3435
3434 3435
3435 3436
3357 3437
3436 3437
3358 3438
3438 3439
3360 3440
3439 3440
3361 3441
3362 3442
3441 3442
3442 3443
3443 3444
3365 3445
3366 3446
3445 3446
3367 3447
3368 3448
3369 3449
3448 3449
3370 3450
3449 3450
3371 3451
3450 3451
3372 3452
3451 3452
3373 3453
3452 3453
3374 3454
3453 3454
3375 3455
3454 3455
3377 3457
3456 3457
3378 3458
3380 3460
3459 3460
3381 3461
3460 3461
3382 3462
3383 3463
3462 3463
3463 3464
3385 3465
3464 3465
3465 3466
3387 3467
3466 3467
3389 3469
3390 3470
3469 3470
3391 3471
3392 3472
3393 3473
3472 3473
3394 3474
3473 3474
3395 3475
3396 3476
3397 3477
3476 3477
3398 3478
3477 3478
3399 3479
3478 3479
3400 3480
3479 3480
3480 3481
3402 3482
3481 3482
3482 3483
3404 3484
3483 3484
3406 3486
3407 3487
3486 3487
3408 3488
3487 3488
3488 3489
3410 3490
3489 3490
3490 3491
3491 3492
3413 3493
3492 3493
3414 3494
3493 3494
3415 3495
3494 3495
3416 3496
3495 3496
3417 3497
3496 3497
3418 3498
3497 3498
3419 3499
3421 3501
3422 3502
3501 3502
3423 3503
3502 3503
3424 3504
3503 3504
3504 3505
3426 3506
3505 3506
3506 3507
3428 3508
3507 3508
3429 3509
3508 3509
3430 3510
3509 3510
3510 3511
3432 3512
3433 3513
3512 3513
3514 3515
3436 3516
3515 3516
3437 3517
3516 3517
3438 3518
3517 3518
3439 3519
3518 3519
3440 3520
3519 3520
3441 3521
3442 3522
3521 3522
3444 3524
3445 3525
3524 3525
3446 3526
3525 3526
3447 3527
3526 3527
3448 3528
3527 3528
3449 3529
3450 3530
3529 3530
3451 3531
3531 3532
3453 3533
3454 3534
3533 3534
3456 3536
3535 3536
3457 3537
3458 3538
3537 3538
3459 3539
3538 3539
3460 3540
3539 3540
3540 3541
3462 3542
3541 3542
3463 3543
3542 3543
3464 3544
3544 3545
3466 3546
3545 3546
3467 3547
3546 3547
3468 3548
3547 3548
3469 3549
3548 3549
3470 3550
3549 3550
3471 3551
3472 3552
3551 3552
3473 3553
3552 3553
3474 3554
3475 3555
3476 3556
3555 3556
3477 3557
3556 3557
3557 3558
3479 3559
3558 3559
3559 3560
3481 3561
3560 3561
3482 3562
3561 3562
3562 3563
3484 3564
3486 3566
3487 3567
3566 3567
3488 3568
3567 3568
3489 3569
3568 3569
3490 3570
3569 3570
3491 3571
3570 3571
3492 3572
3571 3572
3493 3573
3572 3573
3573 3574
3574 3575
3496 3576
3575 3576
3497 3577
3576 3577
3498 3578
3499 3579
3578 3579
3500 3580
3581 3582
3582 3583
3504 3584
3583 3584
3505 3585
3584 3585
3506 3586
3585 3586
3507 3587
3586 3587
3508 3588
3509 3589
3588 3589
3510 3590
3589 3590
3511 3591
3591 3592
3513 3593
3514 3594
3593 3594
3515 3595
3594 3595
3516 3596
3517 3597
3596 3597
3519 3599
3598 3599
3520 3600
3599 3600
3521 3601
3522 3602
3601 3602
3602 3603
3524 3604
3603 3604
3604 3605
3526 3606
3605 3606
3606 3607
3528 3608
3607 3608
3529 3609
3609 3610
3531 3611
3610 3611
3532 3612
3611 3612
3533 3613
3534 3614
3613 3614
3535 3615
3614 3615
3536 3616
3615 3616
3537 3617
3616 3617
3538 3618
3539 3619
3618 3619
3540 3620
3619 3620
3541 3621
3620 3621
3542 3622
3621 3622
3622 3623
3544 3624
3623 3624
3545 3625
3624 3625
3546 3626
3625 3626
3626 3627
3548 3628
3627 3628
3549 3629
3628 3629
3550 3630
3629 3630
3551 3631
3630 3631
3552 3632
3631 3632
3553 3633
3632 3633
3554 3634
3633 3634
3556 3636
3635 3636
3557 3637
3636 3637
3558 3638
3637 3638
3559 3639
3638 3639
3560 3640
3639 3640
3562 3642
3563 3643
3564 3644
3643 3644
3565 3645
3644 3645
3567 3647
3646 3647
3568 3648
3648 3649
3570 3650
3649 3650
3571 3651
3650 3651
3651 3652
3573 3653
3574 3654
3653 3654
3575 3655
3654 3655
3655 3656
3577 3657
3656 3657
3578 3658
3657 3658
3579 3659
3658 3659
3580 3660
3659 3660
3581 3661
3582 3662
3661 3662
3583 3663
3662 3663
3584 3664
3663 3664
3664 3665
3586 3666
3665 3666
3666 3667
3588 3668
3667 3668
3589 3669
3668 3669
3590 3670
3669 3670
3591 3671
3670 3671
3671 3672
3593 3673
3672 3673
3594 3674
3673 3674
3595 3675
3674 3675
3596 3676
3675 3676
3597 3677
3676 3677
3598 3678
3599 3679
3678 3679
3600 3680
3601 3681
3602 3682
3681 3682
3682 3683
3604 3684
3683 3684
3605 3685
3684 3685
3685 3686
3607 3687
3686 3687
3608 3688
3687 3688
3609 3689
3688 3689
3610 3690
3611 3691
3690 3691
3612 3692
3691 3692
3613 3693
3692 3693
3614 3694
3693 3694
3615 3695
3694 3695
3616 3696
3617 3697
3696 3697
3618 3698
3697 3698
3698 3699
3620 3700
3699 3700
3621 3701
3622 3702
3701 3702
3623 3703
3702 3703
3624 3704
3703 3704
3625 3705
3704 3705
3705 3706
3627 3707
3706 3707
3628 3708
3707 3708
3629 3709
3708 3709
3630 3710
3709 3710
3710 3711
3632 3712
3711 3712
3633 3713
3712 3713
3713 3714
3714 3715
3636 3716
3715 3716
3637 3717
3716 3717
3639 3719
3718 3719
3640 3720
3719 3720
3641 3721
3720 3721
3643 3723
3722 3723
3644 3724
3723 3724
3645 3725
3647 3727
3726 3727
3648 3728
3727 3728
3649 3729
3728 3729
3650 3730
3729 3730
3651 3731
3730 3731
3652 3732
3731 3732
3653 3733
3732 3733
3654 3734
3733 3734
3655 3735
3734 3735
3656 3736
3735 3736
3657 3737
3736 3737
3737 3738
3659 3739
3738 3739
3660 3740
3739 3740
3661 3741
3740 3741
3662 3742
3741 3742
3663 3743
3664 3744
3743 3744
3744 3745
3666 3746
3745 3746
3667 3747
3746 3747
3747 3748
3669 3749
3670 3750
3749 3750
3671 3751
3750 3751
3672 3752
3751 3752
3673 3753
3752 3753
3674 3754
3753 3754
3754 3755
3755 3756
3677 3757
3756 3757
3678 3758
3757 3758
3679 3759
3758 3759
3680 3760
3681 3761
3761 3762
3683 3763
3762 3763
3684 3764
3685 3765
3764 3765
3686 3766
3765 3766
3766 3767
3688 3768
3767 3768
3689 3769
3690 3770
3769 3770
3691 3771
3770 3771
3692 3772
3771 3772
3693 3773
3772 3773
3694 3774
3773 3774
3695 3775
3774 3775
3696 3776
3775 3776
3697 3777
3776 3777
3777 3778
3699 3779
3778 3779
3700 3780
3779 3780
3701 3781
3780 3781
3702 3782
3781 3782
3703 3783
3782 3783
3704 3784
3783 3784
3705 3785
3784 3785
3785 3786
3707 3787
3708 3788
3787 3788
3709 3789
3788 3789
3789 3790
3711 3791
3790 3791
3712 3792
3791 3792
3713 3793
3792 3793
3714 3794
3793 3794
3715 3795
3716 3796
3795 3796
3717 3797
3796 3797
3718 3798
3797 3798
3719 3799
3798 3799
3720 3800
3721 3801
3800 3801
3722 3802
3801 3802
3723 3803
3724 3804
3803 3804
3804 3805
3726 3806
3805 3806
3806 3807
3728 3808
3807 3808
3729 3809
3808 3809
3730 3810
3809 3810
3731 3811
3733 3813
3734 3814
3813 3814
3735 3815
3814 3815
3815 3816
3737 3817
3816 3817
3738 3818
3817 3818
3739 3819
3818 3819
3740 3820
3819 3820
3741 3821
3820 3821
3742 3822
3821 3822
3822 3823
3744 3824
3823 3824
3745 3825
3825 3826
3826 3827
3748 3828
3749 3829
3751 3831
3830 3831
3752 3832
3831 3832
3753 3833
3832 3833
3754 3834
3833 3834
3755 3835
3834 3835
3756 3836
3835 3836
3757 3837
3836 3837
3837 3838
3838 3839
3760 3840
3761 3841
3841 3842
3763 3843
3764 3844
3843 3844
3844 3845
3766 3846
3845 3846
3768 3848
3769 3849
3848 3849
3770 3850
3771 3851
3773 3853
3852 3853
3774 3854
3775 3855
3854 3855
3776 3856
3855 3856
3777 3857
3856 3857
3778 3858
3857 3858
3779 3859
3858 3859
3859 3860
3781 3861
3860 3861
3782 3862
3861 3862
3783 3863
3862 3863
3784 3864
3863 3864
3785 3865
3864 3865
3786 3866
3865 3866
3787 3867
3866 3867
3788 3868
3867 3868
3789 3869
3868 3869
3869 3870
3791 3871
3870 3871
3792 3872
3871 3872
3793 3873
3872 3873
3794 3874
3873 3874
3874 3875
3796 3876
3875 3876
3797 3877
3876 3877
3798 3878
3877 3878
3799 3879
3878 3879
3879 3880
3801 3881
3880 3881
3881 3882
3803 3883
3882 3883
3883 3884
3805 3885
3806 3886
3885 3886
3807 3887
3886 3887
3808 3888
3809 3889
3810 3890
3811 3891
3890 3891
3812 3892
3891 3892
3892 3893
3814 3894
3893 3894
3815 3895
3894 3895
3895 3896
3817 3897
3896 3897
3818 3898
3897 3898
3819 3899
3898 3899
3820 3900
3899 3900
3821 3901
3822 3902
3901 3902
3823 3903
3902 3903
3824 3904
3903 3904
3825 3905
3904 3905
3826 3906
3905 3906
3827 3907
3828 3908
3907 3908
3829 3909
3908 3909
3830 3910
3909 3910
3831 3911
3910 3911
3832 3912
3833 3913
3912 3913
3834 3914
3913 3914
3835 3915
3836 3916
3915 3916
3837 3917
3916 3917
3917 3918
3839 3919
3918 3919
3840 3920
3919 3920
3841 3921
3842 3922
3921 3922
3843 3923
3922 3923
3844 3924
3923 3924
3845 3925
3924 3925
3846 3926
3925 3926
3847 3927
3926 3927
3848 3928
3927 3928
3849 3929
3928 3929
3850 3930
3929 3930
3851 3931
3930 3931
3852 3932
3931 3932
3853 3933
3854 3934
3933 3934
3934 3935
3856 3936
3935 3936
3857 3937
3936 3937
3858 3938
3937 3938
3859 3939
3938 3939
3939 3940
3861 3941
3940 3941
3862 3942
3941 3942
3863 3943
3942 3943
3944 3945
3945 3946
3867 3947
3946 3947
3868 3948
3947 3948
3869 3949
3948 3949
3870 3950
3949 3950
3950 3951
3872 3952
3951 3952
3873 3953
3952 3953
3874 3954
3953 3954
3875 3955
3954 3955
3876 3956
3955 3956
3877 3957
3956 3957
3878 3958
3957 3958
3879 3959
3958 3959
3880 3960
3959 3960
3881 3961
3960 3961
3882 3962
3961 3962
3883 3963
3884 3964
3963 3964
3964 3965
3965 3966
3887 3967
3888 3968
3889 3969
3968 3969
3890 3970
3969 3970
3970 3971
3892 3972
3972 3973
3894 3974
3973 3974
3895 3975
3974 3975
3896 3976
3975 3976
3897 3977
3898 3978
3899 3979
3978 3979
3900 3980
3979 3980
3901 3981
3980 3981
3902 3982
3981 3982
3903 3983
3904 3984
3983 3984
3984 3985
3906 3986
3985 3986
3907 3987
3986 3987
3908 3988
3987 3988
3988 3989
3989 3990
3990 3991
3912 3992
3991 3992
3913 3993
3992 3993
3914 3994
3993 3994
3915 3995
3994 3995
3917 3997
3996 3997
3997 3998
3919 3999
3998 3999
3920 4000
3921 4001
3922 4002
4001 4002
3923 4003
3924 4004
4003 4004
3925 4005
4004 4005
3926 4006
4005 4006
3927 4007
3928 4008
4007 4008
3929 4009
4008 4009
3930 4010
4009 4010
4010 4011
3932 4012
4011 4012
3933 4013
4012 4013
3934 4014
4013 4014
3935 4015
4014 4015
3936 4016
4015 4016
4016 4017
3938 4018
4017 4018
3939 4019
4018 4019
3940 4020
4019 4020
3941 4021
4020 4021
4021 4022
4022 4023
3944 4024
4023 4024
4024 4025
3946 4026
3947 4027
3948 4028
3949 4029
3950 4030
4030 4031
3952 4032
4031 4032
3953 4033
4032 4033
3954 4034
4033 4034
3955 4035
4034 4035
3956 4036
4035 4036
3957 4037
4036 4037
3958 4038
3959 4039
3960 4040
4039 4040
3961 4041
4040 4041
3962 4042
3963 4043
4042 4043
3964 4044
4043 4044
3965 4045
4044 4045
3966 4046
4045 4046
3967 4047
4046 4047
3969 4049
4048 4049
3970 4050
4049 4050
4050 4051
3972 4052
4052 4053
4053 4054
3975 4055
4054 4055
3976 4056
4055 4056
3977 4057
3978 4058
3979 4059
4058 4059
3980 4060
4059 4060
3981 4061
4060 4061
3982 4062
4061 4062
3983 4063
3984 4064
4063 4064
3985 4065
3986 4066
4065 4066
3987 4067
4066 4067
3988 4068
3989 4069
4068 4069
3990 4070
4069 4070
3992 4072
4071 4072
3993 4073
4072 4073
3994 4074
4073 4074
3995 4075
4074 4075
3996 4076
4075 4076
3997 4077
4077 4078
3999 4079
4078 4079
4081 4082
4003 4083
4082 4083
4004 4084
4083 4084
4005 4085
4084 4085
4006 4086
4085 4086
4007 4087
4086 4087
4008 4088
4087 4088
4009 4089
4088 4089
4010 4090
4089 4090
4011 4091
4090 4091
4012 4092
4091 4092
4013 4093
4092 4093
4014 4094
4093 4094
4016 4096
4095 4096
4017 4097
4018 4098
4097 4098
4098 4099
4020 4100
4021 4101
4100 4101
4022 4102
4101 4102
4102 4103
4024 4104
4103 4104
4025 4105
4104 4105
4026 4106
4105 4106
4027 4107
4106 4107
4107 4108
4029 4109
4108 4109
4109 4110
4031 4111
4110 4111
4032 4112
4111 4112
4033 4113
4112 4113
4034 4114
4113 4114
4035 4115
4114 4115
4036 4116
4037 4117
4038 4118
4117 4118
4039 4119
4118 4119
4040 4120
4119 4120
4041 4121
4120 4121
4042 4122
4121 4122
4043 4123
4044 4124
4123 4124
4124 4125
4047 4127
4126 4127
4048 4128
4049 4129
4128 4129
4129 4130
4130 4131
4052 4132
4131 4132
4132 4133
4054 4134
4055 4135
4134 4135
4056 4136
4135 4136
4057 4137
4136 4137
4058 4138
4137 4138
4059 4139
4138 4139
4060 4140
4139 4140
4140 4141
4062 4142
4141 4142
4063 4143
4064 4144
4143 4144
4065 4145
4066 4146
4145 4146
4067 4147
4146 4147
4068 4148
4147 4148
4069 4149
4148 4149
4070 4150
4149 4150
4071 4151
4150 4151
4072 4152
4151 4152
4073 4153
4074 4154
4153 4154
4075 4155
4154 4155
4076 4156
4155 4156
4077 4157
4157 4158
4079 4159
4158 4159
4080 4160
4159 4160
4082 4162
4161 4162
4162 4163
4084 4164
4163 4164
4164 4165
4165 4166
4087 4167
4166 4167
4088 4168
4167 4168
4168 4169
4090 4170
4169 4170
4091 4171
4171 4172
4093 4173
4172 4173
4094 4174
4173 4174
4095 4175
4174 4175
4096 4176
4097 4177
4176 4177
4098 4178
4177 4178
4099 4179
4178 4179
4100 4180
4179 4180
4101 4181
4180 4181
4102 4182
4181 4182
4103 4183
4182 4183
4104 4184
4183 4184
4105 4185
4184 4185
4106 4186
4185 4186
4107 4187
4186 4187
4187 4188
4109 4189
4189 4190
4111 4191
4112 4192
4191 4192
4193 4194
4115 4195
4194 4195
4116 4196
4195 4196
4117 4197
4196 4197
4118 4198
4197 4198
4119 4199
4198 4199
4121 4201
4200 4201
4122 4202
4201 4202
4123 4203
4202 4203
4124 4204
4125 4205
4126 4206
4205 4206
4206 4207
4128 4208
4207 4208
4132 4212
4211 4212
4212 4213
4134 4214
4213 4214
4135 4215
4136 4216
4215 4216
4137 4217
4216 4217
4138 4218
4217 4218
4139 4219
4218 4219
4140 4220
4219 4220
4141 4221
4220 4221
4142 4222
4221 4222
4143 4223
4222 4223
4144 4224
4223 4224
4145 4225
4224 4225
4146 4226
4225 4226
4147 4227
4226 4227
4148 4228
4229 4230
4151 4231
4230 4231
4231 4232
4232 4233
4154 4234
4233 4234
4234 4235
4235 4236
4157 4237
4236 4237
4237 4238
4159 4239
4238 4239
4239 4240
4162 4242
4241 4242
4163 4243
4242 4243
4164 4244
4243 4244
4165 4245
4244 4245
4166 4246
4245 4246
4167 4247
4246 4247
4168 4248
4247 4248
4169 4249
4248 4249
4170 4250
4249 4250
4171 4251
4250 4251
4251 4252
4173 4253
4252 4253
4174 4254
4175 4255
4254 4255
4176 4256
4255 4256
4256 4257
4178 4258
4257 4258
4258 4259
4259 4260
4181 4261
4260 4261
4261 4262
4183 4263
4262 4263
4263 4264
4185 4265
4264 4265
4186 4266
4265 4266
4187 4267
4266 4267
4189 4269
4268 4269
4190 4270
4269 4270
4191 4271
4270 4271
4192 4272
4271 4272
4193 4273
4272 4273
4194 4274
4273 4274
4195 4275
4274 4275
4196 4276
4275 4276
4197 4277
4276 4277
4198 4278
4277 4278
4199 4279
4278 4279
4200 4280
4279 4280
4280 4281
4202 4282
4203 4283
4282 4283
4204 4284
4205 4285
4206 4286
4285 4286
4286 4287
4287 4288
4209 4289
4288 4289
4210 4290
4211 4291
4212 4292
4291 4292
4292 4293
4214 4294
4293 4294
4215 4295
4294 4295
4216 4296
4295 4296
4217 4297
4296 4297
4297 4298
4219 4299
4298 4299
4220 4300
4299 4300
4221 4301
4222 4302
4301 4302
4302 4303
4303 4304
4304 4305
4226 4306
4305 4306
4227 4307
4306 4307
4228 4308
4307 4308
4229 4309
4308 4309
4230 4310
4309 4310
4232 4312
4311 4312
4312 4313
4234 4314
4313 4314
4235 4315
4314 4315
4236 4316
4315 4316
4316 4317
4317 4318
4239 4319
4318 4319
4240 4320
4319 4320
4241 4321
4242 4322
4321 4322
4243 4323
4322 4323
4323 4324
4245 4325
4246 4326
4325 4326
4248 4328
4327 4328
4249 4329
4328 4329
4250 4330
4329 4330
4251 4331
4252 4332
4331 4332
4254 4334
4333 4334
4255 4335
4257 4337
4336 4337
4337 4338
4259 4339
4338 4339
4339 4340
4261 4341
4340 4341
4262 4342
4342 4343
4264 4344
4343 4344
4265 4345
4344 4345
4266 4346
4345 4346
4267 4347
4346 4347
4269 4349
4348 4349
4270 4350
4350 4351
4272 4352
4351 4352
4352 4353
4356 4357
4278 4358
4357 4358
4279 4359
4358 4359
4359 4360
4281 4361
4282 4362
4361 4362
4283 4363
4362 4363
4284 4364
4285 4365
4286 4366
4365 4366
4287 4367
4288 4368
4367 4368
4289 4369
4368 4369
4290 4370
4369 4370
4291 4371
4370 4371
4292 4372
4371 4372
4372 4373
4294 4374
4373 4374
4295 4375
4374 4375
4296 4376
4375 4376
4297 4377
4298 4378
4377 4378
4300 4380
4379 4380
4301 4381
4302 4382
4381 4382
4303 4383
4304 4384
4383 4384
4305 4385
4385 4386
4307 4387
4308 4388
4310 4390
4311 4391
4312 4392
4391 4392
4313 4393
4392 4393
4393 4394
4315 4395
4316 4396
4395 4396
4317 4397
4396 4397
4318 4398
4397 4398
4319 4399
4398 4399
4320 4400
4399 4400
4321 4401
4322 4402
4401 4402
4323 4403
4402 4403
4324 4404
4403 4404
4325 4405
4404 4405
4326 4406
4405 4406
4327 4407
4328 4408
4407 4408
4329 4409
4408 4409
4330 4410
4332 4412
4411 4412
4334 4414
4413 4414
4335 4415
4414 4415
4336 4416
4415 4416
4337 4417
4416 4417
4338 4418
4339 4419
4418 4419
4340 4420
4341 4421
4420 4421
4342 4422
4343 4423
4344 4424
4423 4424
4345 4425
4424 4425
4346 4426
4425 4426
4347 4427
4426 4427
4348 4428
4427 4428
4350 4430
4429 4430
4352 4432
4431 4432
4353 4433
4433 4434
4355 4435
4434 4435
4356 4436
4435 4436
4357 4437
4436 4437
4358 4438
4359 4439
4360 4440
4439 4440
4361 4441
4362 4442
4441 4442
4363 4443
4443 4444
4365 4445
4444 4445
4366 4446
4445 4446
4367 4447
4446 4447
4368 4448
4447 4448
4369 4449
4448 4449
4370 4450
4449 4450
4371 4451
4450 4451
4372 4452
4451 4452
4373 4453
4452 4453
4374 4454
4453 4454
4375 4455
4454 4455
4376 4456
4455 4456
4456 4457
4378 4458
4379 4459
4458 4459
4380 4460
4459 4460
4381 4461
4382 4462
4461 4462
4383 4463
4462 4463
4384 4464
4463 4464
4464 4465
4386 4466
4387 4467
4388 4468
4467 4468
4389 4469
4468 4469
4390 4470
4469 4470
4391 4471
4392 4472
4471 4472
4472 4473
4394 4474
4473 4474
4395 4475
4474 4475
4396 4476
4475 4476
4476 4477
4398 4478
4477 4478
4399 4479
4478 4479
4400 4480
4479 4480
4481 4482
4403 4483
4482 4483
4404 4484
4483 4484
4405 4485
4484 4485
4406 4486
4485 4486
4407 4487
4408 4488
4409 4489
4488 4489
4489 4490
4411 4491
4412 4492
4491 4492
4413 4493
4492 4493
4414 4494
4493 4494
4415 4495
4494 4495
4416 4496
4495 4496
4417 4497
4496 4497
4418 4498
4497 4498
4498 4499
4420 4500
4499 4500
4500 4501
4422 4502
4501 4502
4423 4503
4502 4503
4503 4504
4425 4505
4504 4505
4426 4506
4505 4506
4427 4507
4429 4509
4508 4509
4430 4510
4509 4510
4431 4511
4510 4511
4432 4512
4511 4512
4433 4513
4512 4513
4434 4514
4435 4515
4514 4515
4515 4516
4437 4517
4516 4517
4438 4518
4517 4518
4439 4519
4518 4519
4520 4521
4521 4522
4443 4523
4522 4523
4444 4524
4523 4524
4445 4525
4524 4525
4525 4526
4448 4528
4527 4528
4449 4529
4528 4529
4450 4530
4529 4530
4452 4532
4531 4532
4532 4533
4533 4534
4456 4536
4535 4536
4457 4537
4536 4537
4458 4538
4537 4538
4459 4539
4538 4539
4539 4540
4461 4541
4540 4541
4541 4542
4463 4543
4464 4544
4543 4544
4465 4545
4544 4545
4466 4546
4545 4546
4467 4547
4468 4548
4547 4548
4469 4549
4548 4549
4470 4550
4549 4550
4550 4551
4472 4552
4551 4552
4473 4553
4552 4553
4553 4554
4475 4555
4554 4555
4555 4556
4477 4557
4556 4557
4557 4558
4479 4559
4558 4559
4480 4560
4559 4560
4481 4561
4482 4562
4561 4562
4562 4563
4564 4565
4486 4566
4565 4566
4487 4567
4488 4568
4568 4569
4490 4570
4569 4570
4493 4573
4572 4573
4494 4574
4573 4574
4495 4575
4496 4576
4575 4576
4497 4577
4498 4578
4577 4578
4499 4579
4578 4579
4500 4580
4579 4580
4580 4581
4502 4582
4581 4582
4503 4583
4582 4583
4504 4584
4505 4585
4506 4586
4585 4586
4507 4587
4587 4588
4509 4589
4588 4589
4510 4590
4589 4590
4511 4591
4590 4591
4512 4592
4591 4592
4513 4593
4514 4594
4593 4594
4515 4595
4594 4595
4516 4596
4595 4596
4517 4597
4518 4598
4597 4598
4519 4599
4520 4600
4599 4600
4521 4601
4600 4601
4522 4602
4601 4602
4523 4603
4602 4603
4524 4604
4603 4604
4525 4605
4604 4605
4526 4606
4605 4606
4527 4607
4606 4607
4528 4608
4529 4609
4608 4609
4530 4610
4609 4610
4610 4611
4532 4612
4611 4612
4533 4613
4612 4613
4534 4614
4613 4614
4535 4615
4614 4615
4536 4616
4615 4616
4537 4617
4616 4617
4538 4618
4617 4618
4539 4619
4618 4619
4540 4620
4541 4621
4620 4621
4542 4622
4621 4622
4543 4623
4622 4623
4544 4624
4623 4624
4545 4625
4624 4625
4546 4626
4625 4626
4547 4627
4548 4628
4627 4628
4549 4629
4628 4629
4550 4630
4551 4631
4630 4631
4552 4632
4631 4632
4553 4633
4632 4633
4554 4634
4633 4634
4555 4635
4634 4635
4556 4636
4635 4636
4557 4637
4636 4637
4558 4638
4637 4638
4559 4639
4560 4640
4561 4641
4562 4642
4641 4642
4642 4643
4564 4644
4643 4644
4565 4645
4645 4646
4567 4647
4646 4647
4568 4648
4647 4648
4648 4649
4570 4650
4649 4650
4571 4651
4650 4651
4572 4652
4651 4652
4573 4653
4652 4653
4574 4654
4653 4654
4575 4655
4654 4655
4576 4656
4655 4656
4577 4657
4656 4657
4578 4658
4657 4658
4579 4659
4658 4659
4580 4660
4659 4660
4581 4661
4661 4662
4584 4664
4663 4664
4585 4665
4586 4666
4665 4666
4587 4667
4666 4667
4588 4668
4667 4668
4589 4669
4668 4669
4590 4670
4669 4670
4591 4671
4670 4671
4671 4672
4593 4673
4672 4673
4594 4674
4673 4674
4595 4675
4674 4675
4596 4676
4675 4676
4597 4677
4676 4677
4598 4678
4599 4679
4600 4680
4679 4680
4601 4681
4680 4681
4602 4682
4681 4682
4603 4683
4604 4684
4683 4684
4605 4685
4684 4685
4606 4686
4607 4687
4686 4687
4608 4688
4687 4688
4609 4689
4688 4689
4610 4690
4689 4690
4611 4691
4612 4692
4691 4692
4613 4693
4692 4693
4614 4694
4693 4694
4615 4695
4694 4695
4616 4696
4695 4696
4617 4697
4696 4697
4697 4698
4698 4699
4620 4700
4699 4700
4621 4701
4700 4701
4622 4702
4701 4702
4623 4703
4702 4703
4624 4704
4703 4704
4625 4705
4704 4705
4626 4706
4705 4706
4627 4707
4706 4707
4628 4708
4707 4708
4629 4709
4708 4709
4630 4710
4709 4710
4631 4711
4710 4711
4632 4712
4711 4712
4633 4713
4712 4713
4634 4714
4635 4715
4714 4715
4636 4716
4715 4716
4637 4717
4716 4717
4638 4718
4717 4718
4639 4719
4718 4719
4640 4720
4719 4720
4641 4721
4642 4722
4721 4722
4722 4723
4644 4724
4723 4724
4645 4725
4724 4725
4646 4726
4725 4726
4726 4727
4648 4728
4727 4728
4728 4729
4650 4730
4729 4730
4651 4731
4730 4731
4652 4732
4731 4732
4653 4733
4732 4733
4654 4734
4733 4734
4655 4735
4734 4735
4656 4736
4735 4736
4657 4737
4736 4737
4658 4738
4659 4739
4738 4739
4661 4741
4740 4741
4662 4742
4741 4742
4663 4743
4742 4743
4664 4744
4743 4744
4665 4745
4744 4745
4666 4746
4745 4746
4667 4747
4668 4748
4669 4749
4748 4749
4749 4750
4671 4751
4750 4751
4751 4752
4673 4753
4674 4754
4753 4754
4675 4755
4676 4756
4755 4756
4756 4757
4678 4758
4757 4758
4679 4759
4758 4759
4680 4760
4681 4761
4760 4761
4682 4762
4761 4762
4683 4763
4762 4763
4684 4764
4763 4764
4685 4765
4764 4765
4686 4766
4765 4766
4687 4767
4766 4767
4688 4768
4767 4768
4689 4769
4769 4770
4692 4772
4771 4772
4693 4773
4772 4773
4694 4774
4773 4774
4695 4775
4774 4775
4696 4776
4775 4776
4697 4777
4698 4778
4777 4778
4699 4779
4778 4779
4700 4780
4701 4781
4780 4781
4702 4782
4703 4783
4704 4784
4783 4784
4705 4785
4707 4787
4786 4787
4708 4788
4787 4788
4788 4789
4710 4790
4789 4790
4711 4791
4790 4791
4712 4792
4713 4793
4792 4793
4714 4794
4793 4794
4715 4795
4716 4796
4795 4796
4717 4797
4796 4797
4718 4798
4797 4798
4719 4799
4798 4799
4720 4800
4799 4800
4721 4801
4722 4802
4801 4802
4724 4804
4803 4804
4725 4805
4804 4805
4726 4806
4805 4806
4727 4807
4728 4808
4808 4809
4731 4811
4810 4811
4732 4812
4811 4812
4733 4813
4812 4813
4734 4814
4813 4814
4735 4815
4814 4815
4736 4816
4815 4816
4816 4817
4738 4818
4817 4818
4739 4819
4818 4819
4740 4820
4819 4820
4741 4821
4820 4821
4742 4822
4821 4822
4743 4823
4822 4823
4744 4824
4823 4824
4745 4825
4824 4825
4746 4826
4825 4826
4826 4827
4748 4828
4827 4828
4749 4829
4828 4829
4751 4831
4830 4831
4752 4832
4753 4833
4754 4834
4833 4834
4755 4835
4834 4835
4756 4836
4836 4837
4758 4838
4837 4838
4838 4839
4760 4840
4839 4840
4761 4841
4840 4841
4762 4842
4841 4842
4763 4843
4842 4843
4764 4844
4843 4844
4765 4845
4844 4845
4766 4846
4845 4846
4767 4847
4846 4847
4768 4848
4769 4849
4848 4849
4770 4850
4849 4850
4771 4851
4850 4851
4772 4852
4851 4852
4773 4853
4852 4853
4853 4854
4775 4855
4854 4855
4776 4856
4777 4857
4856 4857
4779 4859
4858 4859
4859 4860
4781 4861
4860 4861
4782 4862
4861 4862
4783 4863
4862 4863
4784 4864
4863 4864
4785 4865
4864 4865
4786 4866
4865 4866
4787 4867
4866 4867
4788 4868
4867 4868
4868 4869
4790 4870
4791 4871
4870 4871
4792 4872
4871 4872
4793 4873
4872 4873
4794 4874
4874 4875
4796 4876
4875 4876
4797 4877
4876 4877
4798 4878
4877 4878
4799 4879
4878 4879
4800 4880
4879 4880
4801 4881
4881 4882
4803 4883
4882 4883
4804 4884
4805 4885
4884 4885
4885 4886
4807 4887
4886 4887
4808 4888
4809 4889
4888 4889
4810 4890
4889 4890
4811 4891
4890 4891
4812 4892
4891 4892
4813 4893
4892 4893
4814 4894
4893 4894
4815 4895
4894 4895
4816 4896
4895 4896
4817 4897
4896 4897
4818 4898
4897 4898
4819 4899
4820 4900
4899 4900
4821 4901
4900 4901
4822 4902
4901 4902
4823 4903
4824 4904
4903 4904
4825 4905
4904 4905
4826 4906
4905 4906
4827 4907
4906 4907
4828 4908
4829 4909
4908 4909
4830 4910
4831 4911
4910 4911
4832 4912
4911 4912
4833 4913
4912 4913
4913 4914
4835 4915
4836 4916
4915 4916
4837 4917
4838 4918
4839 4919
4840 4920
4919 4920
4841 4921
4920 4921
4842 4922
4921 4922
4843 4923
4922 4923
4844 4924
4923 4924
4846 4926
4925 4926
4847 4927
4926 4927
4848 4928
4927 4928
4849 4929
4929 4930
4930 4931
4932 4933
4854 4934
4933 4934
4934 4935
4856 4936
4935 4936
4857 4937
4936 4937
4858 4938
4937 4938
4859 4939
4938 4939
4860 4940
4939 4940
4862 4942
4863 4943
4942 4943
4864 4944
4865 4945
4944 4945
4866 4946
4868 4948
4869 4949
4948 4949
4870 4950
4949 4950
4871 4951
4950 4951
4872 4952
4951 4952
4873 4953
4952 4953
4875 4955
4954 4955
4876 4956
4955 4956
4877 4957
4956 4957
4878 4958
4879 4959
4958 4959
4880 4960
4882 4962
4961 4962
4883 4963
4884 4964
4963 4964
4885 4965
4964 4965
4886 4966
4965 4966
4966 4967
4888 4968
4967 4968
4968 4969
4890 4970
4891 4971
4970 4971
4892 4972
4971 4972
4893 4973
4972 4973
4894 4974
4973 4974
4895 4975
4974 4975
4896 4976
4975 4976
4897 4977
4976 4977
4898 4978
4977 4978
4978 4979
4900 4980
4979 4980
4980 4981
4982 4983
4904 4984
4984 4985
4906 4986
4907 4987
4986 4987
4908 4988
4909 4989
4988 4989
4910 4990
4989 4990
4911 4991
4990 4991
4991 4992
4992 4993
4914 4994
4993 4994
4915 4995
4994 4995
4916 4996
4995 4996
4996 4997
4997 4998
4919 4999
4999 5000
4921 5001
4922 5002
5001 5002
4923 5003
5002 5003
4924 5004
5003 5004
4925 5005
5004 5005
4926 5006
5005 5006
4927 5007
5006 5007
4928 5008
4929 5009
4930 5010
4931 5011
5010 5011
4932 5012
5011 5012
4933 5013
5012 5013
5013 5014
4935 5015
5014 5015
4936 5016
4937 5017
5016 5017
4938 5018
4939 5019
5018 5019
5019 5020
4941 5021
5020 5021
4943 5023
5022 5023
4944 5024
5023 5024
4945 5025
5024 5025
4946 5026
4947 5027
5026 5027
5027 5028
4949 5029
5028 5029
4950 5030
5029 5030
4952 5032
5031 5032
4953 5033
5032 5033
4954 5034
5035 5036
4957 5037
5036 5037
4958 5038
5037 5038
4959 5039
5038 5039
4960 5040
5039 5040
4961 5041
4962 5042
5041 5042
4963 5043
5042 5043
5043 5044
4965 5045
5045 5046
5046 5047
4969 5049
5048 5049
4970 5050
5049 5050
4971 5051
4972 5052
5052 5053
4974 5054
5053 5054
4975 5055
5054 5055
4976 5056
5055 5056
4977 5057
5056 5057
4978 5058
4979 5059
5058 5059
4980 5060
5059 5060
5060 5061
4982 5062
5061 5062
4983 5063
4984 5064
5063 5064
4985 5065
5064 5065
4986 5066
5065 5066
4987 5067
5066 5067
4988 5068
5067 5068
4989 5069
5068 5069
4990 5070
4991 5071
5070 5071
4992 5072
5071 5072
4993 5073
5072 5073
4994 5074
4995 5075
5074 5075
4996 5076
5075 5076
4997 5077
5076 5077
5077 5078
4999 5079
5000 5080
5079 5080
5001 5081
5080 5081
5002 5082
5081 5082
5003 5083
5004 5084
5084 5085
5006 5086
5007 5087
5086 5087
5087 5088
5088 5089
5010 5090
5089 5090
5011 5091
5090 5091
5012 5092
5091 5092
5013 5093
5092 5093
5014 5094
5093 5094
5015 5095
5094 5095
5016 5096
5095 5096
5017 5097
5018 5098
5097 5098
5019 5099
5098 5099
5020 5100
5099 5100
5021 5101
5100 5101
5022 5102
5101 5102
5023 5103
5102 5103
5024 5104
5103 5104
5025 5105
5104 5105
5026 5106
5105 5106
5027 5107
5106 5107
5028 5108
5107 5108
5029 5109
5108 5109
5030 5110
5109 5110
5032 5112
5111 5112
5112 5113
5113 5114
5035 5115
5114 5115
5036 5116
5037 5117
5116 5117
5038 5118
5039 5119
5118 5119
5040 5120
5119 5120
5041 5121
5121 5122
5043 5123
5122 5123
5044 5124
5123 5124
5124 5125
5046 5126
5047 5127
5048 5128
5127 5128
5128 5129
5050 5130
5129 5130
5051 5131
5130 5131
5131 5132
5132 5133
5133 5134
5055 5135
5134 5135
5056 5136
5135 5136
5057 5137
5136 5137
5058 5138
5059 5139
5138 5139
5060 5140
5139 5140
5140 5141
5062 5142
5141 5142
5063 5143
5142 5143
5143 5144
5144 5145
5068 5148
5147 5148
5069 5149
5148 5149
5070 5150
5149 5150
5071 5151
5150 5151
5072 5152
5151 5152
5152 5153
5074 5154
5154 5155
5076 5156
5077 5157
5078 5158
5157 5158
5158 5159
5159 5160
5081 5161
5082 5162
5162 5163
5084 5164
5163 5164
5085 5165
5164 5165
5087 5167
5166 5167
5088 5168
5167 5168
5089 5169
5168 5169
5090 5170
5169 5170
5091 5171
5170 5171
5092 5172
5171 5172
5093 5173
5172 5173
5094 5174
5173 5174
5174 5175
5096 5176
5175 5176
5097 5177
5176 5177
5177 5178
5099 5179
5178 5179
5100 5180
5179 5180
5101 5181
5180 5181
5102 5182
5103 5183
5104 5184
5183 5184
5105 5185
5184 5185
5106 5186
5185 5186
5107 5187
5186 5187
5108 5188
5187 5188
5109 5189
5188 5189
5110 5190
5189 5190
5111 5191
5190 5191
5112 5192
5191 5192
5114 5194
5115 5195
5194 5195
5116 5196
5195 5196
5117 5197
5196 5197
5197 5198
5119 5199
5120 5200
5199 5200
5121 5201
5122 5202
5201 5202
5123 5203
5202 5203
5124 5204
5203 5204
5125 5205
5126 5206
5205 5206
5127 5207
5206 5207
5128 5208
5207 5208
5129 5209
5208 5209
5130 5210
5209 5210
5131 5211
5211 5212
5133 5213
5212 5213
5134 5214
5135 5215
5214 5215
5137 5217
5216 5217
5138 5218
5217 5218
5139 5219
5218 5219
5140 5220
5141 5221
5142 5222
5143 5223
5144 5224
5223 5224
5145 5225
5224 5225
5146 5226
5225 5226
5147 5227
5226 5227
5227 5228
5149 5229
5228 5229
5150 5230
5229 5230
5151 5231
5152 5232
5231 5232
5153 5233
5232 5233
5154 5234
5233 5234
5155 5235
5156 5236
5235 5236
5157 5237
5237 5238
5238 5239
5160 5240
5161 5241
5240 5241
5162 5242
5241 5242
5163 5243
5243 5244
5165 5245
5244 5245
5166 5246
5245 5246
5246 5247
5168 5248
5169 5249
5248 5249
5170 5250
5249 5250
5171 5251
5250 5251
5172 5252
5251 5252
5173 5253
5252 5253
5174 5254
5253 5254
5175 5255
5254 5255
5176 5256
5255 5256
5177 5257
5256 5257
5178 5258
5257 5258
5179 5259
5258 5259
5180 5260
5259 5260
5181 5261
5260 5261
5182 5262
5261 5262
5183 5263
5262 5263
5184 5264
5185 5265
5264 5265
5187 5267
5266 5267
5188 5268
5267 5268
5268 5269
5190 5270
5191 5271
5270 5271
5192 5272
5193 5273
5272 5273
5194 5274
5273 5274
5195 5275
5274 5275
5196 5276
5275 5276
5197 5277
5198 5278
5277 5278
5278 5279
5200 5280
5279 5280
5201 5281
5281 5282
5203 5283
5282 5283
5204 5284
5283 5284
5205 5285
5284 5285
5286 5287
5208 5288
5287 5288
5209 5289
5288 5289
5210 5290
5289 5290
5211 5291
5290 5291
5212 5292
5213 5293
5292 5293
5214 5294
5293 5294
5215 5295
5294 5295
5216 5296
5217 5297
5296 5297
5218 5298
5297 5298
5219 5299
5298 5299
5220 5300
5299 5300
5221 5301
5300 5301
5222 5302
5301 5302
5223 5303
5302 5303
5224 5304
5303 5304
5225 5305
5226 5306
5305 5306
5227 5307
5306 5307
5228 5308
5307 5308
5229 5309
5230 5310
5309 5310
5231 5311
5310 5311
5232 5312
5311 5312
5233 5313
5234 5314
5313 5314
5314 5315
5236 5316
5237 5317
5316 5317
5238 5318
5239 5319
5240 5320
5319 5320
5320 5321
5242 5322
5321 5322
5243 5323
5322 5323
5244 5324
5323 5324
5246 5326
5325 5326
5326 5327
5248 5328
5327 5328
5249 5329
5328 5329
5250 5330
5329 5330
5251 5331
5330 5331
5331 5332
5253 5333
5332 5333
5254 5334
5255 5335
5334 5335
5256 5336
5335 5336
5336 5337
5258 5338
5337 5338
5259 5339
5338 5339
5260 5340
5261 5341
5340 5341
5262 5342
5341 5342
5263 5343
5342 5343
5264 5344
5343 5344
5344 5345
5345 5346
5268 5348
5348 5349
5270 5350
5271 5351
5350 5351
5273 5353
5352 5353
5353 5354
5275 5355
5354 5355
5276 5356
5355 5356
5277 5357
5356 5357
5357 5358
5279 5359
5358 5359
5280 5360
5359 5360
5361 5362
5283 5363
5362 5363
5363 5364
5285 5365
5364 5365
5366 5367
5288 5368
5289 5369
5368 5369
5290 5370
5369 5370
5291 5371
5370 5371
5292 5372
5293 5373
5372 5373
5294 5374
5373 5374
5295 5375
5375 5376
5297 5377
5376 5377
5298 5378
5299 5379
5378 5379
5300 5380
5379 5380
5301 5381
5380 5381
5302 5382
5381 5382
5382 5383
5304 5384
5383 5384
5305 5385
5384 5385
5306 5386
5385 5386
5307 5387
5308 5388
5387 5388
5309 5389
5388 5389
5311 5391
5312 5392
5391 5392
5392 5393
5314 5394
5315 5395
5394 5395
5316 5396
5395 5396
5317 5397
5396 5397
5318 5398
5397 5398
5319 5399
5398 5399
5320 5400
5399 5400
5400 5401
5322 5402
5401 5402
5323 5403
5402 5403
5324 5404
5403 5404
5325 5405
5404 5405
5326 5406
5405 5406
5327 5407
5406 5407
5328 5408
5407 5408
5329 5409
5408 5409
5330 5410
5409 5410
5331 5411
5410 5411
5332 5412
5333 5413
5412 5413
5334 5414
5413 5414
5414 5415
5336 5416
5415 5416
5337 5417
5416 5417
5338 5418
5417 5418
5339 5419
5418 5419
5340 5420
5419 5420
5420 5421
5342 5422
5421 5422
5343 5423
5422 5423
5344 5424
5345 5425
5424 5425
5346 5426
5427 5428
5349 5429
5428 5429
5350 5430
5429 5430
5351 5431
5430 5431
5352 5432
5431 5432
5353 5433
5432 5433
5354 5434
5433 5434
5355 5435
5434 5435
5356 5436
5435 5436
5357 5437
5436 5437
5358 5438
5437 5438
5359 5439
5438 5439
5360 5440
5439 5440
5441 5442
5363 5443
5442 5443
5364 5444
5443 5444
5365 5445
5444 5445
5366 5446
5445 5446
5367 5447
5446 5447
5368 5448
5447 5448
5369 5449
5448 5449
5370 5450
5449 5450
5450 5451
5372 5452
5451 5452
5373 5453
5452 5453
5374 5454
5453 5454
5375 5455
5454 5455
5455 5456
5377 5457
5456 5457
5378 5458
5457 5458
5379 5459
5458 5459
5380 5460
5459 5460
5381 5461
5460 5461
5461 5462
5383 5463
5462 5463
5384 5464
5463 5464
5385 5465
5386 5466
5465 5466
5387 5467
5466 5467
5388 5468
5389 5469
5468 5469
5390 5470
5391 5471
5470 5471
5392 5472
5471 5472
5393 5473
5472 5473
5394 5474
5473 5474
5395 5475
5474 5475
5396 5476
5475 5476
5397 5477
5476 5477
5398 5478
5477 5478
5399 5479
5479 5480
5401 5481
5480 5481
5481 5482
5403 5483
5482 5483
5404 5484
5483 5484
5405 5485
5406 5486
5485 5486
5407 5487
5487 5488
5409 5489
5488 5489
5410 5490
5489 5490
5411 5491
5490 5491
5412 5492
5491 5492
5413 5493
5492 5493
5414 5494
5415 5495
5494 5495
5416 5496
5495 5496
5417 5497
5418 5498
5419 5499
5498 5499
5499 5500
5421 5501
5500 5501
5422 5502
5501 5502
5423 5503
5502 5503
5424 5504
5503 5504
5425 5505
5504 5505
5426 5506
5505 5506
5427 5507
5506 5507
5429 5509
5508 5509
5430 5510
5509 5510
5431 5511
5510 5511
5432 5512
5511 5512
5433 5513
5512 5513
5434 5514
5513 5514
5436 5516
5515 5516
5437 5517
5516 5517
5438 5518
5517 5518
5439 5519
5518 5519
5440 5520
5519 5520
5442 5522
5521 5522
5443 5523
5522 5523
5444 5524
5523 5524
5445 5525
5524 5525
5525 5526
5447 5527
5526 5527
5448 5528
5450 5530
5529 5530
5452 5532
5531 5532
5532 5533
5454 5534
5533 5534
5455 5535
5534 5535
5456 5536
5535 5536
5457 5537
5536 5537
5458 5538
5537 5538
5459 5539
5538 5539
5539 5540
5461 5541
5540 5541
5541 5542
5542 5543
5464 5544
5543 5544
5465 5545
5544 5545
5545 5546
5467 5547
5546 5547
5547 5548
5469 5549
5548 5549
5549 5550
5471 5551
5550 5551
5472 5552
5473 5553
5552 5553
5474 5554
5553 5554
5475 5555
5554 5555
5477 5557
5556 5557
5478 5558
5479 5559
5558 5559
5480 5560
5559 5560
5481 5561
5560 5561
5482 5562
5561 5562
5483 5563
5562 5563
5484 5564
5563 5564
5564 5565
5486 5566
5565 5566
5487 5567
5566 5567
5488 5568
5567 5568
5489 5569
5568 5569
5569 5570
5491 5571
5570 5571
5492 5572
5493 5573
5572 5573
5494 5574
5573 5574
5495 5575
5574 5575
5496 5576
5575 5576
5576 5577
5498 5578
5577 5578
5499 5579
5578 5579
5500 5580
5501 5581
5502 5582
5581 5582
5503 5583
5582 5583
5504 5584
5583 5584
5505 5585
5584 5585
5506 5586
5586 5587
5587 5588
5509 5589
5510 5590
5511 5591
5590 5591
5512 5592
5591 5592
5513 5593
5592 5593
5514 5594
5515 5595
5594 5595
5516 5596
5595 5596
5517 5597
5596 5597
5520 5600
5521 5601
5522 5602
5601 5602
5523 5603
5602 5603
5524 5604
5603 5604
5525 5605
5526 5606
5605 5606
5527 5607
5606 5607
5528 5608
5607 5608
5529 5609
5608 5609
5530 5610
5609 5610
5531 5611
5610 5611
5532 5612
5533 5613
5612 5613
5534 5614
5613 5614
5535 5615
5536 5616
5615 5616
5616 5617
5538 5618
5617 5618
5539 5619
5619 5620
5541 5621
5620 5621
5542 5622
5621 5622
5543 5623
5622 5623
5544 5624
5623 5624
5624 5625
5546 5626
5625 5626
5547 5627
5548 5628
5627 5628
5549 5629
5628 5629
5550 5630
5629 5630
5551 5631
5630 5631
5552 5632
5631 5632
5553 5633
5633 5634
5634 5635
5557 5637
5558 5638
5637 5638
5559 5639
5638 5639
5560 5640
5639 5640
5561 5641
5640 5641
5562 5642
5641 5642
5563 5643
5642 5643
5564 5644
5643 5644
5565 5645
5644 5645
5645 5646
5567 5647
5646 5647
5568 5648
5647 5648
5569 5649
5648 5649
5649 5650
5571 5651
5650 5651
5572 5652
5651 5652
5652 5653
5653 5654
5575 5655
5654 5655
5576 5656
5655 5656
5577 5657
5656 5657
5578 5658
5579 5659
5658 5659
5580 5660
5659 5660
5581 5661
5660 5661
5582 5662
5661 5662
5583 5663
5584 5664
5663 5664
5586 5666
5665 5666
5587 5667
5666 5667
5588 5668
5667 5668
5668 5669
5590 5670
5669 5670
5670 5671
5671 5672
5593 5673
5672 5673
5594 5674
5673 5674
5595 5675
5674 5675
5596 5676
5675 5676
5597 5677
5676 5677
5598 5678
5599 5679
5600 5680
5679 5680
5601 5681
5602 5682
5681 5682
5603 5683
5682 5683
5604 5684
5605 5685
5684 5685
5685 5686
5607 5687
5686 5687
5608 5688
5609 5689
5688 5689
5689 5690
5612 5692
5691 5692
5613 5693
5692 5693
5614 5694
5693 5694
5615 5695
5694 5695
5616 5696
5695 5696
5696 5697
5618 5698
5697 5698
5619 5699
5698 5699
5620 5700
5699 5700
5621 5701
5700 5701
5622 5702
5701 5702
5623 5703
5702 5703
5703 5704
5625 5705
5704 5705
5626 5706
5705 5706
5627 5707
5706 5707
5628 5708
5707 5708
5629 5709
5708 5709
5630 5710
5709 5710
5631 5711
5710 5711
5632 5712
5711 5712
5633 5713
5634 5714
5713 5714
5635 5715
5714 5715
5636 5716
5715 5716
5638 5718
5717 5718
5639 5719
5718 5719
5719 5720
5641 5721
5720 5721
5721 5722
5643 5723
5722 5723
5644 5724
5723 5724
5646 5726
5725 5726
5647 5727
5726 5727
5648 5728
5649 5729
5728 5729
5650 5730
5651 5731
5730 5731
5652 5732
5731 5732
5653 5733
5732 5733
5654 5734
5733 5734
5735 5736
5657 5737
5659 5739
5738 5739
5660 5740
5739 5740
5661 5741
5740 5741
5662 5742
5664 5744
5744 5745
5666 5746
5667 5747
5746 5747
5668 5748
5747 5748
5669 5749
5748 5749
5670 5750
5749 5750
5671 5751
5750 5751
5672 5752
5751 5752
5673 5753
5674 5754
5753 5754
5675 5755
5754 5755
5676 5756
5756 5757
5678 5758
5757 5758
5679 5759
5680 5760
5759 5760
5681 5761
5682 5762
5761 5762
5683 5763
5762 5763
5684 5764
5763 5764
5685 5765
5764 5765
5686 5766
5765 5766
5687 5767
5766 5767
5688 5768
5767 5768
5689 5769
5770 5771
5692 5772
5771 5772
5693 5773
5694 5774
5773 5774
5695 5775
5774 5775
5696 5776
5775 5776
5697 5777
5776 5777
5698 5778
5777 5778
5699 5779
5778 5779
5700 5780
5701 5781
5702 5782
5781 5782
5782 5783
5704 5784
5783 5784
5705 5785
5784 5785
5706 5786
5785 5786
5707 5787
5786 5787
5708 5788
5787 5788
5709 5789
5788 5789
5710 5790
5789 5790
5711 5791
5712 5792
5791 5792
5713 5793
5792 5793
5793 5794
5715 5795
5794 5795
5716 5796
5795 5796
5796 5797
5718 5798
5719 5799
5720 5800
5721 5801
5800 5801
5723 5803
5802 5803
5803 5804
5725 5805
5804 5805
5726 5806
5805 5806
5727 5807
5806 5807
5728 5808
5807 5808
5729 5809
5808 5809
5730 5810
5809 5810
5731 5811
5732 5812
5812 5813
5734 5814
5813 5814
5735 5815
5814 5815
5736 5816
5737 5817
5816 5817
5738 5818
5739 5819
5818 5819
5740 5820
5819 5820
5820 5821
5743 5823
5822 5823
5823 5824
5745 5825
5746 5826
5825 5826
5747 5827
5826 5827
5748 5828
5749 5829
5828 5829
5750 5830
5829 5830
5751 5831
5752 5832
5831 5832
5753 5833
5832 5833
5754 5834
5833 5834
5755 5835
5834 5835
5835 5836
5757 5837
5836 5837
5758 5838
5837 5838
5759 5839
5838 5839
5760 5840
5839 5840
5762 5842
5841 5842
5842 5843
5764 5844
5843 5844
5765 5845
5844 5845
5766 5846
5845 5846
5767 5847
5846 5847
5768 5848
5847 5848
5769 5849
5848 5849
5770 5850
5849 5850
5771 5851
5850 5851
5772 5852
5851 5852
5853 5854
5775 5855
5776 5856
5855 5856
5777 5857
5856 5857
5778 5858
5779 5859
5858 5859
5780 5860
5859 5860
5781 5861
5860 5861
5782 5862
5783 5863
5862 5863
5784 5864
5785 5865
5864 5865
5786 5866
5787 5867
5866 5867
5788 5868
5867 5868
5789 5869
5868 5869
5790 5870
5869 5870
5791 5871
5792 5872
5871 5872
5793 5873
5872 5873
5794 5874
5873 5874
5795 5875
5874 5875
5796 5876
5875 5876
5797 5877
5876 5877
5798 5878
5799 5879
5878 5879
5879 5880
5801 5881
5880 5881
5881 5882
5882 5883
5804 5884
5883 5884
5805 5885
5884 5885
5806 5886
5885 5886
5807 5887
5886 5887
5808 5888
5888 5889
5810 5890
5889 5890
5811 5891
5812 5892
5891 5892
5813 5893
5892 5893
5814 5894
5893 5894
5815 5895
5894 5895
5816 5896
5895 5896
5817 5897
5896 5897
5818 5898
5897 5898
5819 5899
5898 5899
5820 5900
5899 5900
5821 5901
5900 5901
5822 5902
5901 5902
5902 5903
5824 5904
5825 5905
5904 5905
5905 5906
5827 5907
5828 5908
5907 5908
5908 5909
5830 5910
5909 5910
5831 5911
5910 5911
5832 5912
5911 5912
5833 5913
5912 5913
5834 5914
5913 5914
5835 5915
5836 5916
5915 5916
5837 5917
5916 5917
5838 5918
5917 5918
5839 5919
5918 5919
5840 5920
5919 5920
5841 5921
5842 5922
5921 5922
5843 5923
5922 5923
5846 5926
5847 5927
5926 5927
5848 5928
5927 5928
5928 5929
5850 5930
5930 5931
5852 5932
5853 5933
5932 5933
5933 5934
5855 5935
5934 5935
5856 5936
5935 5936
5857 5937
5936 5937
5859 5939
5938 5939
5939 5940
5940 5941
5942 5943
5864 5944
5943 5944
5865 5945
5945 5946
5867 5947
5946 5947
5868 5948
5947 5948
5869 5949
5870 5950
5949 5950
5871 5951
5950 5951
5872 5952
5873 5953
5952 5953
5874 5954
5953 5954
5875 5955
5954 5955
5876 5956
5877 5957
5956 5957
5878 5958
5957 5958
5879 5959
5958 5959
5880 5960
5959 5960
5960 5961
5882 5962
5961 5962
5962 5963
5884 5964
5963 5964
5885 5965
5965 5966
5887 5967
5966 5967
5888 5968
5967 5968
5889 5969
5968 5969
5890 5970
5969 5970
5891 5971
5970 5971
5892 5972
5971 5972
5893 5973
5894 5974
5973 5974
5895 5975
5974 5975
5896 5976
5975 5976
5897 5977
5976 5977
5898 5978
5977 5978
5899 5979
5978 5979
5900 5980
5979 5980
5901 5981
5980 5981
5902 5982
5981 5982
5903 5983
5982 5983
5904 5984
5905 5985
5984 5985
5906 5986
5985 5986
5907 5987
5986 5987
5908 5988
5987 5988
5909 5989
5988 5989
5910 5990
5989 5990
5911 5991
5990 5991
5912 5992
5991 5992
5992 5993
5993 5994
5915 5995
5916 5996
5995 5996
5917 5997
5996 5997
5918 5998
5997 5998
5919 5999
5998 5999
5920 6000
5999 6000
5921 6001
5922 6002
6001 6002
5923 6003
6002 6003
5924 6004
6003 6004
5925 6005
6004 6005
5926 6006
6005 6006
6006 6007
5928 6008
6007 6008
5929 6009
6008 6009
5930 6010
6009 6010
5931 6011
6010 6011
5933 6013
6012 6013
5934 6014
6013 6014
6014 6015
5936 6016
6015 6016
5937 6017
5938 6018
6017 6018
5939 6019
6018 6019
5940 6020
6019 6020
5941 6021
6020 6021
5942 6022
6021 6022
5943 6023
6022 6023
6023 6024
5945 6025
5946 6026
6026 6027
6027 6028
5949 6029
6028 6029
5950 6030
6029 6030
5951 6031
6030 6031
5952 6032
6031 6032
5953 6033
6032 6033
5954 6034
6033 6034
6034 6035
5956 6036
5957 6037
6036 6037
5958 6038
6037 6038
5959 6039
6038 6039
5960 6040
6039 6040
5961 6041
6040 6041
5962 6042
6041 6042
5963 6043
6042 6043
5964 6044
6043 6044
5965 6045
5966 6046
6045 6046
5967 6047
6046 6047
6047 6048
6048 6049
5970 6050
6049 6050
5971 6051
6050 6051
5972 6052
6051 6052
5973 6053
6052 6053
5974 6054
6053 6054
6054 6055
5976 6056
6055 6056
5977 6057
6056 6057
5978 6058
6057 6058
5979 6059
6058 6059
5980 6060
6059 6060
5981 6061
6060 6061
5982 6062
6061 6062
5983 6063
6062 6063
5984 6064
5985 6065
6064 6065
5986 6066
6065 6066
5987 6067
6066 6067
5988 6068
6067 6068
5989 6069
6068 6069
6069 6070
5991 6071
6070 6071
5992 6072
5994 6074
6073 6074
5995 6075
6074 6075
5996 6076
6075 6076
5997 6077
5998 6078
6077 6078
5999 6079
6078 6079
6079 6080
6001 6081
6002 6082
6081 6082
6003 6083
6082 6083
6004 6084
6083 6084
6005 6085
6084 6085
6006 6086
6085 6086
6007 6087
6086 6087
6008 6088
6087 6088
6009 6089
6088 6089
6010 6090
6011 6091
6090 6091
6012 6092
6091 6092
6092 6093
6093 6094
6015 6095
6094 6095
6016 6096
6017 6097
6096 6097
6018 6098
6097 6098
6098 6099
6020 6100
6099 6100
6021 6101
6100 6101
6022 6102
6023 6103
6024 6104
6103 6104
6025 6105
6104 6105
6026 6106
6105 6106
6027 6107
6106 6107
6028 6108
6107 6108
6029 6109
6030 6110
6109 6110
6031 6111
6110 6111
6032 6112
6111 6112
6033 6113
6112 6113
6034 6114
6113 6114
6035 6115
6114 6115
6036 6116
6115 6116
6037 6117
6117 6118
6039 6119
6118 6119
6040 6120
6119 6120
6041 6121
6120 6121
6121 6122
6043 6123
6122 6123
6123 6124
6045 6125
6124 6125
6046 6126
6125 6126
6047 6127
6048 6128
6127 6128
6049 6129
6128 6129
6050 6130
6129 6130
6051 6131
6052 6132
6053 6133
6132 6133
6054 6134
6133 6134
6055 6135
6134 6135
6056 6136
6135 6136
6057 6137
6136 6137
6058 6138
6137 6138
6059 6139
6060 6140
6139 6140
6061 6141
6140 6141
6062 6142
6141 6142
6063 6143
6142 6143
6064 6144
6143 6144
6065 6145
6144 6145
6145 6146
6067 6147
6146 6147
6147 6148
6069 6149
6148 6149
6070 6150
6149 6150
6150 6151
6072 6152
6151 6152
6073 6153
6152 6153
6074 6154
6153 6154
6075 6155
6076 6156
6077 6157
6156 6157
6078 6158
6157 6158
6079 6159
6158 6159
6159 6160
6082 6162
6161 6162
6083 6163
6162 6163
6163 6164
6085 6165
6164 6165
6086 6166
6165 6166
6087 6167
6166 6167
6088 6168
6167 6168
6089 6169
6168 6169
6090 6170
6169 6170
6091 6171
6170 6171
6171 6172
6093 6173
6172 6173
6094 6174
6173 6174
6174 6175
6096 6176
6098 6178
6099 6179
6178 6179
6100 6180
6179 6180
6101 6181
6102 6182
6181 6182
6103 6183
6182 6183
6104 6184
6184 6185
6106 6186
6185 6186
6186 6187
6109 6189
6188 6189
6110 6190
6189 6190
6111 6191
6190 6191
6112 6192
6191 6192
6113 6193
6192 6193
6193 6194
6194 6195
6116 6196
6195 6196
6117 6197
6196 6197
6118 6198
6197 6198
6198 6199
6120 6200
6199 6200
6122 6202
6201 6202
6123 6203
6124 6204
6203 6204
6125 6205
6204 6205
6126 6206
6127 6207
6206 6207
6207 6208
6129 6209
6208 6209
6130 6210
6210 6211
6132 6212
6211 6212
6133 6213
6212 6213
6134 6214
6213 6214
6135 6215
6214 6215
6136 6216
6215 6216
6137 6217
6216 6217
6138 6218
6217 6218
6139 6219
6218 6219
6140 6220
6219 6220
6220 6221
6142 6222
6221 6222
6143 6223
6222 6223
6144 6224
6223 6224
6145 6225
6224 6225
6146 6226
6225 6226
6226 6227
6148 6228
6227 6228
6228 6229
6150 6230
6229 6230
6151 6231
6230 6231
6152 6232
6231 6232
6153 6233
6232 6233
6233 6234
6234 6235
6157 6237
6236 6237
6158 6238
6237 6238
6159 6239
6160 6240
6239 6240
6161 6241
6162 6242
6241 6242
6242 6243
6164 6244
6243 6244
6166 6246
6167 6247
6246 6247
6168 6248
6247 6248
6169 6249
6170 6250
6171 6251
6250 6251
6172 6252
6251 6252
6173 6253
6252 6253
6174 6254
6253 6254
6175 6255
6254 6255
6176 6256
6177 6257
6256 6257
6257 6258
6179 6259
6258 6259
6180 6260
6259 6260
6181 6261
6182 6262
6261 6262
6183 6263
6263 6264
6264 6265
6186 6266
6265 6266
6187 6267
6266 6267
6188 6268
6189 6269
6268 6269
6190 6270
6269 6270
6191 6271
6270 6271
6192 6272
6193 6273
6272 6273
6194 6274
6273 6274
6195 6275
6274 6275
6196 6276
6275 6276
6197 6277
6276 6277
6198 6278
6277 6278
6199 6279
6278 6279
6200 6280
6280 6281
6281 6282
6203 6283
6282 6283
6204 6284
6205 6285
6284 6285
6206 6286
6208 6288
6209 6289
6288 6289
6210 6290
6289 6290
6291 6292
6213 6293
6292 6293
6215 6295
6216 6296
6217 6297
6297 6298
6219 6299
6298 6299
6220 6300
6300 6301
6222 6302
6301 6302
6223 6303
6302 6303
6224 6304
6303 6304
6225 6305
6304 6305
6226 6306
6305 6306
6227 6307
6306 6307
6307 6308
6229 6309
6308 6309
6230 6310
6310 6311
6311 6312
6233 6313
6312 6313
6234 6314
6313 6314
6235 6315
6314 6315
6236 6316
6237 6317
6317 6318
6239 6319
6318 6319
6240 6320
6242 6322
6321 6322
6322 6323
6244 6324
6245 6325
6246 6326
6325 6326
6247 6327
6326 6327
6327 6328
6249 6329
6329 6330
6251 6331
6330 6331
6252 6332
6331 6332
6253 6333
6332 6333
6254 6334
6333 6334
6255 6335
6256 6336
6257 6337
6336 6337
6258 6338
6337 6338
6259 6339
6260 6340
6340 6341
6341 6342
6342 6343
6264 6344
6343 6344
6265 6345
6344 6345
6266 6346
6267 6347
6346 6347
6268 6348
6347 6348
6269 6349
6348 6349
6270 6350
6349 6350
6271 6351
6350 6351
6272 6352
6273 6353
6352 6353
6274 6354
6275 6355
6354 6355
6276 6356
6277 6357
6278 6358
6357 6358
6279 6359
6358 6359
6280 6360
6359 6360
6281 6361
6282 6362
6361 6362
6283 6363
6284 6364
6363 6364
6364 6365
6365 6366
6287 6367
6366 6367
6288 6368
6367 6368
6289 6369
6368 6369
6290 6370
6369 6370
6291 6371
6370 6371
6292 6372
6371 6372
6293 6373
6372 6373
6294 6374
6373 6374
6295 6375
6374 6375
6296 6376
6375 6376
6297 6377
6376 6377
6298 6378
6377 6378
6299 6379
6378 6379
6300 6380
6379 6380
6301 6381
6380 6381
6302 6382
6381 6382
6303 6383
6382 6383
6304 6384
6305 6385
6384 6385
6385 6386
6307 6387
6386 6387
6308 6388
6309 6389
6388 6389
6310 6390
6389 6390
6311 6391
6390 6391
6312 6392
6391 6392
6313 6393
6392 6393
6314 6394
6393 6394
6315 6395
6394 6395
6316 6396
6395 6396
6396 6397
6318 6398
6319 6399
6398 6399
6320 6400
6399 6400
