3890
2004 8 19 100.335
2004 8 20 108.31
2004 8 23 109.4
2004 8 24 104.87
2004 8 25 106
2004 8 26 107.91
2004 8 27 106.15
2004 8 30 102.01
2004 8 31 102.37
2004 9 1 100.25
2004 9 2 101.51
2004 9 3 100.01
2004 9 7 101.58
2004 9 8 102.3
2004 9 9 102.31
2004 9 10 105.33
2004 9 13 107.5
2004 9 14 111.49
2004 9 15 112
2004 9 16 113.97
2004 9 17 117.49
2004 9 20 119.36
2004 9 21 117.84
2004 9 22 118.38
2004 9 23 120.82
2004 9 24 119.83
2004 9 27 118.26
2004 9 28 126.86
2004 9 29 131.08
2004 9 30 129.6
2004 10 1 132.58
2004 10 4 135.06
2004 10 5 138.37
2004 10 6 137.08
2004 10 7 138.85
2004 10 8 137.73
2004 10 11 135.26
2004 10 12 137.4
2004 10 13 140.9
2004 10 14 142
2004 10 15 144.11
2004 10 18 149.16
2004 10 19 147.94
2004 10 20 140.49
2004 10 21 149.38
2004 10 22 172.43
2004 10 25 187.4
2004 10 26 181.8
2004 10 27 185.97
2004 10 28 193.3
2004 10 29 190.64
2004 11 1 196.03
2004 11 2 194.87
2004 11 3 191.67
2004 11 4 184.7
2004 11 5 169.35
2004 11 8 172.55
2004 11 9 168.7
2004 11 10 167.86
2004 11 11 183.02
2004 11 12 182
2004 11 15 184.87
2004 11 16 172.545
2004 11 17 172.5
2004 11 18 167.54
2004 11 19 169.4
2004 11 22 165.1
2004 11 23 167.52
2004 11 24 174.76
2004 11 26 179.39
2004 11 29 181.05
2004 11 30 181.98
2004 12 1 179.96
2004 12 2 179.4
2004 12 3 180.4
2004 12 6 176.29
2004 12 7 171.43
2004 12 8 169.98
2004 12 9 173.43
2004 12 10 171.65
2004 12 13 170.45
2004 12 14 178.69
2004 12 15 179.78
2004 12 16 176.47
2004 12 17 180.08
2004 12 20 185.02
2004 12 21 183.75
2004 12 22 186.3
2004 12 23 187.9
2004 12 27 191.91
2004 12 28 192.76
2004 12 29 192.9
2004 12 30 197.6
2004 12 31 192.79
2005 1 3 202.71
2005 1 4 194.5
2005 1 5 193.51
2005 1 6 188.55
2005 1 7 193.85
2005 1 10 195.06
2005 1 11 193.54
2005 1 12 195.38
2005 1 13 195.33
2005 1 14 199.97
2005 1 18 203.9
2005 1 19 197.3
2005 1 20 193.92
2005 1 21 188.28
2005 1 24 180.72
2005 1 25 177.12
2005 1 26 189.24
2005 1 27 188.08
2005 1 28 190.34
2005 1 31 195.62
2005 2 1 191.9
2005 2 2 205.96
2005 2 3 210.86
2005 2 4 204.36
2005 2 7 196.03
2005 2 8 198.64
2005 2 9 191.58
2005 2 10 187.98
2005 2 11 187.4
2005 2 14 192.99
2005 2 15 195.23
2005 2 16 198.41
2005 2 17 197.9
2005 2 18 197.95
2005 2 22 191.37
2005 2 23 193.95
2005 2 24 188.89
2005 2 25 185.87
2005 2 28 187.99
2005 3 1 186.06
2005 3 2 185.18
2005 3 3 187.005
2005 3 4 185.9
2005 3 7 188.81
2005 3 8 185.2
2005 3 9 181.35
2005 3 10 179.98
2005 3 11 177.8
2005 3 14 174.99
2005 3 15 178.61
2005 3 16 175.6
2005 3 17 179.29
2005 3 18 180.04
2005 3 21 180.88
2005 3 22 178.6
2005 3 23 178.98
2005 3 24 179.25
2005 3 28 181.42
2005 3 29 179.57
2005 3 30 180.45
2005 3 31 180.51
2005 4 1 180.04
2005 4 4 185.29
2005 4 5 188.57
2005 4 6 189.22
2005 4 7 193.76
2005 4 8 192.05
2005 4 11 193.23
2005 4 12 193.955
2005 4 13 192.93
2005 4 14 191.45
2005 4 15 185
2005 4 18 186.97
2005 4 19 191.4
2005 4 20 198.1
2005 4 21 204.75
2005 4 22 215.81
2005 4 25 223.53
2005 4 26 218.75
2005 4 27 219.78
2005 4 28 219.45
2005 4 29 220
2005 5 2 222.29
2005 5 3 226.19
2005 5 4 228.5
2005 5 5 226.98
2005 5 6 228.02
2005 5 9 226.02
2005 5 10 227.8
2005 5 11 231.29
2005 5 12 228.72
2005 5 13 229.24
2005 5 16 231.05
2005 5 17 233.13
2005 5 18 239.16
2005 5 19 239.18
2005 5 20 241.61
2005 5 23 255.45
2005 5 24 256
2005 5 25 260.81
2005 5 26 259.2
2005 5 27 266
2005 5 31 277.27
2005 6 1 288
2005 6 2 287.9
2005 6 3 280.26
2005 6 6 290.94
2005 6 7 293.12
2005 6 8 279.56
2005 6 9 286.31
2005 6 10 282.5
2005 6 13 282.75
2005 6 14 278.35
2005 6 15 274.8
2005 6 16 277.44
2005 6 17 280.3
2005 6 20 286.7
2005 6 21 287.84
2005 6 22 289.3
2005 6 23 289.71
2005 6 24 297.25
2005 6 27 304.1
2005 6 28 302
2005 6 29 292.72
2005 6 30 294.15
2005 7 1 291.25
2005 7 5 295.71
2005 7 6 291.525
2005 7 7 295.54
2005 7 8 296.23
2005 7 11 293.35
2005 7 12 291.784
2005 7 13 298.86
2005 7 14 300.89
2005 7 15 301.19
2005 7 18 299.54
2005 7 19 309.9
2005 7 20 312
2005 7 21 313.94
2005 7 22 302.4
2005 7 25 295.85
2005 7 26 296.09
2005 7 27 296.93
2005 7 28 293.5
2005 7 29 287.76
2005 8 1 291.6099
2005 8 2 299.19
2005 8 3 297.3
2005 8 4 297.73
2005 8 5 292.35
2005 8 8 291.25
2005 8 9 291.57
2005 8 10 285.68
2005 8 11 284.05
2005 8 12 289.721
2005 8 15 284
2005 8 16 285.65
2005 8 17 285.1
2005 8 18 279.99
2005 8 19 280
2005 8 22 274.01
2005 8 23 279.58
2005 8 24 282.57
2005 8 25 282.59
2005 8 26 283.58
2005 8 29 288.45
2005 8 30 287.27
2005 8 31 286
2005 9 1 286.25
2005 9 2 288.45
2005 9 6 287.11
2005 9 7 294.87
2005 9 8 295.39
2005 9 9 299.09
2005 9 12 309.74
2005 9 13 311.68
2005 9 14 303
2005 9 15 302.62
2005 9 16 300.2
2005 9 19 303.79
2005 9 20 307.91
2005 9 21 311.9
2005 9 22 311.37
2005 9 23 315.36
2005 9 26 314.28
2005 9 27 313.94
2005 9 28 306
2005 9 29 309.62
2005 9 30 316.46
2005 10 3 318.68
2005 10 4 311
2005 10 5 310.71
2005 10 6 312.75
2005 10 7 312.99
2005 10 10 310.65
2005 10 11 306.1
2005 10 12 300.97
2005 10 13 297.44
2005 10 14 296.14
2005 10 17 305
2005 10 18 303.28
2005 10 19 308.7
2005 10 20 303.2
2005 10 21 339.9
2005 10 24 348.65
2005 10 25 346.91
2005 10 26 355.44
2005 10 27 353.06
2005 10 28 358.17
2005 10 31 372.14
2005 11 1 379.38
2005 11 2 379.68
2005 11 3 385.95
2005 11 4 390.43
2005 11 7 395.03
2005 11 8 389.9
2005 11 9 379.15
2005 11 10 391.1
2005 11 11 390.4
2005 11 14 396.97
2005 11 15 392.8
2005 11 16 398.15
2005 11 17 403.45
2005 11 18 400.21
2005 11 21 409.36
2005 11 22 416.47
2005 11 23 422.86
2005 11 25 428.62
2005 11 28 423.48
2005 11 29 403.54
2005 11 30 404.9125
2005 12 1 414.0901
2005 12 2 417.7
2005 12 5 405.85
2005 12 6 404.54
2005 12 7 404.22
2005 12 8 410.65
2005 12 9 409.2
2005 12 12 412.612
2005 12 13 417.49
2005 12 14 418.96
2005 12 15 422.53
2005 12 16 430.15
2005 12 19 424.6
2005 12 20 429.74
2005 12 21 426.33
2005 12 22 432.04
2005 12 23 430.93
2005 12 27 424.64
2005 12 28 426.69
2005 12 29 420.15
2005 12 30 414.86
2006 1 3 435.23
2006 1 4 445.24
2006 1 5 451.24
2006 1 6 465.66
2006 1 9 466.9001
2006 1 10 469.76
2006 1 11 471.63
2006 1 12 463.63
2006 1 13 466.25
2006 1 17 467.11
2006 1 18 444.9099
2006 1 19 436.445
2006 1 20 399.4601
2006 1 23 427.5
2006 1 24 443.03
2006 1 25 433
2006 1 26 434.265
2006 1 27 433.49
2006 1 30 426.82
2006 1 31 432.6601
2006 2 1 401.78
2006 2 2 396.04
2006 2 3 381.555
2006 2 6 385.1
2006 2 7 367.92
2006 2 8 369.08
2006 2 9 358.77
2006 2 10 362.61
2006 2 13 345.7
2006 2 14 343.32
2006 2 15 342.38
2006 2 16 366.46
2006 2 17 368.75
2006 2 21 366.59
2006 2 22 365.49
2006 2 23 378.07
2006 2 24 377.4
2006 2 27 390.375
2006 2 28 362.62
2006 3 1 364.8
2006 3 2 376.45
2006 3 3 378.18
2006 3 6 368.1
2006 3 7 364.45
2006 3 8 353.88
2006 3 9 343
2006 3 10 337.5
2006 3 13 337.06
2006 3 14 351.16
2006 3 15 344.5
2006 3 16 338.77
2006 3 17 339.79
2006 3 20 348.19
2006 3 21 339.92
2006 3 22 340.22
2006 3 23 341.89
2006 3 24 365.8
2006 3 27 369.69
2006 3 28 377.2
2006 3 29 394.98
2006 3 30 388.44
2006 3 31 390
2006 4 3 389.7
2006 4 4 404.34
2006 4 5 407.99
2006 4 6 411.18
2006 4 7 406.16
2006 4 10 416.38
2006 4 11 409.66
2006 4 12 408.95
2006 4 13 402.16
2006 4 17 406.82
2006 4 18 404.24
2006 4 19 410.5
2006 4 20 415
2006 4 21 437.1
2006 4 24 440.5
2006 4 25 427.16
2006 4 26 425.97
2006 4 27 420.03
2006 4 28 417.94
2006 5 1 398.9
2006 5 2 394.8
2006 5 3 394.17
2006 5 4 394.75
2006 5 5 394.3
2006 5 8 394.78
2006 5 9 408.8
2006 5 10 402.98
2006 5 11 387
2006 5 12 374.13
2006 5 15 376.2
2006 5 16 371.3
2006 5 17 374.5
2006 5 18 370.99
2006 5 19 370.02
2006 5 22 370.95
2006 5 23 375.58
2006 5 24 381.25
2006 5 25 382.99
2006 5 26 381.35
2006 5 30 371.94
2006 5 31 371.82
2006 6 1 382.62
2006 6 2 379.44
2006 6 5 374.44
2006 6 6 389.99
2006 6 7 386.51
2006 6 8 393.3
2006 6 9 388.2904
2006 6 12 381.54
2006 6 13 386.525
2006 6 14 384.39
2006 6 15 391
2006 6 16 390.7
2006 6 19 388.14
2006 6 20 387.17
2006 6 21 402.13
2006 6 22 399.95
2006 6 23 404.86
2006 6 26 404.22
2006 6 27 402.32
2006 6 28 406.11
2006 6 29 417.81
2006 6 30 419.33
2006 7 3 423.2
2006 7 5 421.46
2006 7 6 423.19
2006 7 7 420.45
2006 7 10 418.2
2006 7 11 424.56
2006 7 12 417.25
2006 7 13 408.83
2006 7 14 403.5
2006 7 17 407.89
2006 7 18 403.05
2006 7 19 399
2006 7 20 387.12
2006 7 21 390.108
2006 7 24 390.9
2006 7 25 389.36
2006 7 26 385.5
2006 7 27 382.4
2006 7 28 388.12
2006 7 31 386.6
2006 8 1 375.51
2006 8 2 367.23
2006 8 3 375.39
2006 8 4 373.85
2006 8 7 377.95
2006 8 8 381
2006 8 9 376.94
2006 8 10 374.2
2006 8 11 368.5
2006 8 14 369.43
2006 8 15 380.97
2006 8 16 387.72
2006 8 17 385.8
2006 8 18 383.36
2006 8 21 377.3
2006 8 22 378.29
2006 8 23 373.43
2006 8 24 373.73
2006 8 25 373.26
2006 8 28 380.95
2006 8 29 378.95
2006 8 30 380.75
2006 8 31 378.53
2006 9 1 378.6
2006 9 5 384.36
2006 9 6 380.14
2006 9 7 378.49
2006 9 8 377.85
2006 9 11 384.09
2006 9 12 391.9
2006 9 13 406.57
2006 9 14 403.98
2006 9 15 409.88
2006 9 18 414.69
2006 9 19 403.81
2006 9 20 397
2006 9 21 406.85
2006 9 22 403.78
2006 9 25 403.98
2006 9 26 406.87
2006 9 27 402.92
2006 9 28 403.58
2006 9 29 401.9
2006 10 2 401.44
2006 10 3 404.04
2006 10 4 415.7
2006 10 5 411.81
2006 10 6 420.5
2006 10 9 429
2006 10 10 426.65
2006 10 11 426.5
2006 10 12 427.44
2006 10 13 427.3
2006 10 16 421.75
2006 10 17 420.64
2006 10 18 419.31
2006 10 19 426.06
2006 10 20 459.67
2006 10 23 480.78
2006 10 24 473.31
2006 10 25 486.601
2006 10 26 485.1
2006 10 27 475.2
2006 10 30 476.57
2006 10 31 476.39
2006 11 1 467.5
2006 11 2 469.91
2006 11 3 471.798
2006 11 6 476.95
2006 11 7 472.57
2006 11 8 475
2006 11 9 472.63
2006 11 10 473.55
2006 11 13 481.03
2006 11 14 489.3
2006 11 15 491.93
2006 11 16 495.9
2006 11 17 498.79
2006 11 20 495.05
2006 11 21 509.65
2006 11 22 508.01
2006 11 24 505
2006 11 27 484.75
2006 11 28 489.5
2006 11 29 484.65
2006 11 30 484.81
2006 12 1 480.8
2006 12 4 484.85
2006 12 5 487
2006 12 6 488.71
2006 12 7 482.64
2006 12 8 484.11
2006 12 11 483.93
2006 12 12 481.78
2006 12 13 478.99
2006 12 14 482.12
2006 12 15 480.3
2006 12 18 462.8
2006 12 19 468.63
2006 12 20 462.9
2006 12 21 456.2
2006 12 22 455.58
2006 12 26 457.53
2006 12 27 468.03
2006 12 28 462.56
2006 12 29 460.48
2007 1 3 467.59
2007 1 4 483.26
2007 1 5 487.19
2007 1 8 483.58
2007 1 9 485.5
2007 1 10 489.46
2007 1 11 499.72
2007 1 12 505
2007 1 16 504.28
2007 1 17 497.28
2007 1 18 487.83
2007 1 19 489.75
2007 1 22 480.84
2007 1 23 479.05
2007 1 24 499.07
2007 1 25 488.09
2007 1 26 495.84
2007 1 29 492.47
2007 1 30 494.32
2007 1 31 501.5
2007 2 1 481.75
2007 2 2 481.5
2007 2 5 467.16
2007 2 6 471.48
2007 2 7 470.01
2007 2 8 471.03
2007 2 9 461.89
2007 2 12 458.29
2007 2 13 459.1
2007 2 14 465.93
2007 2 15 461.47
2007 2 16 469.94
2007 2 20 472.1
2007 2 21 475.86
2007 2 22 475.85
2007 2 23 470.62
2007 2 26 464.93
2007 2 27 448.77
2007 2 28 449.45
2007 3 1 448.23
2007 3 2 438.68
2007 3 5 440.945
2007 3 6 457.55
2007 3 7 455.64
2007 3 8 454.72
2007 3 9 452.96
2007 3 12 454.75
2007 3 13 443.03
2007 3 14 448
2007 3 15 446.19
2007 3 16 440.85
2007 3 19 447.23
2007 3 20 445.28
2007 3 21 456.55
2007 3 22 462.04
2007 3 23 461.83
2007 3 26 465
2007 3 27 463.62
2007 3 28 461.88
2007 3 29 460.92
2007 3 30 458.16
2007 4 2 458.53
2007 4 3 472.6
2007 4 4 471.02
2007 4 5 471.51
2007 4 9 468.21
2007 4 10 466.5
2007 4 11 464.53
2007 4 12 467.39
2007 4 13 466.29
2007 4 16 474.27
2007 4 17 472.8
2007 4 18 476.01
2007 4 19 471.65
2007 4 20 482.48
2007 4 23 479.08
2007 4 24 477.53
2007 4 25 477.99
2007 4 26 481.18
2007 4 27 479.01
2007 4 30 471.38
2007 5 1 469
2007 5 2 465.78
2007 5 3 473.23
2007 5 4 471.12
2007 5 7 467.27
2007 5 8 466.81
2007 5 9 469.25
2007 5 10 461.47
2007 5 11 466.74
2007 5 14 461.78
2007 5 15 458
2007 5 16 472.61
2007 5 17 470.96
2007 5 18 470.32
2007 5 21 470.6
2007 5 22 475.86
2007 5 23 473.97
2007 5 24 474.33
2007 5 25 483.52
2007 5 29 487.11
2007 5 30 498.6
2007 5 31 497.909
2007 6 1 500.397
2007 6 4 507.07
2007 6 5 518.84
2007 6 6 518.25
2007 6 7 515.06
2007 6 8 515.49
2007 6 11 511.34
2007 6 12 504.77
2007 6 13 505.24
2007 6 14 502.84
2007 6 15 505.89
2007 6 18 515.2
2007 6 19 514.31
2007 6 20 509.97
2007 6 21 514.11
2007 6 22 524.98
2007 6 25 527.42
2007 6 26 530.26
2007 6 27 526.29
2007 6 28 525.01
2007 6 29 522.7001
2007 7 2 530.38
2007 7 3 534.34
2007 7 5 541.63
2007 7 6 539.4
2007 7 9 542.56
2007 7 10 543.34
2007 7 11 544.47
2007 7 12 545.33
2007 7 13 552.16
2007 7 16 552.99
2007 7 17 555
2007 7 18 549.5
2007 7 19 548.59
2007 7 20 520.12
2007 7 23 512.51
2007 7 24 514.0001
2007 7 25 509.76
2007 7 26 508
2007 7 27 511.89
2007 7 30 516.11
2007 7 31 510
2007 8 1 512.94
2007 8 2 511.01
2007 8 3 503
2007 8 6 510
2007 8 7 516.02
2007 8 8 525.78
2007 8 9 514.73
2007 8 10 515.75
2007 8 13 515.5
2007 8 14 508.6
2007 8 15 497.55
2007 8 16 491.52
2007 8 17 500.04
2007 8 20 497.92
2007 8 21 506.61
2007 8 22 512.75
2007 8 23 512.19
2007 8 24 515
2007 8 27 513.26
2007 8 28 506.4
2007 8 29 512.88
2007 8 30 511.4
2007 8 31 515.25
2007 9 4 525.15
2007 9 5 527.8
2007 9 6 523.52
2007 9 7 519.35
2007 9 10 514.48
2007 9 11 521.33
2007 9 12 522.65
2007 9 13 524.78
2007 9 14 528.75
2007 9 17 525.3
2007 9 18 535.27
2007 9 19 546.85
2007 9 20 552.83
2007 9 21 560.1
2007 9 24 568.02
2007 9 25 569
2007 9 26 568.16
2007 9 27 567.5
2007 9 28 567.27
2007 10 1 582.5499
2007 10 2 584.39
2007 10 3 584.0199
2007 10 4 579.03
2007 10 5 594.05
2007 10 8 609.62
2007 10 9 615.185
2007 10 10 625.39
2007 10 11 622
2007 10 12 637.39
2007 10 15 620.11
2007 10 16 616
2007 10 17 633.48
2007 10 18 639.62
2007 10 19 644.71
2007 10 22 650.75
2007 10 23 675.77
2007 10 24 675.82
2007 10 25 668.51
2007 10 26 674.6
2007 10 29 679.23
2007 10 30 694.77
2007 10 31 707
2007 11 1 703.21
2007 11 2 711.25
2007 11 5 725.65
2007 11 6 741.79
2007 11 7 732.9399
2007 11 8 693.84
2007 11 9 663.97
2007 11 12 632.07
2007 11 13 660.55
2007 11 14 641.68
2007 11 15 629.65
2007 11 16 633.63
2007 11 19 625.85
2007 11 20 648.54
2007 11 21 660.52
2007 11 23 676.7
2007 11 26 666
2007 11 27 673.57
2007 11 28 692.26
2007 11 29 697
2007 11 30 693
2007 12 3 681.53
2007 12 4 684.16
2007 12 5 698.51
2007 12 6 715.26
2007 12 7 714.87
2007 12 10 718.42
2007 12 11 699.204
2007 12 12 699.35
2007 12 13 694.05
2007 12 14 689.96
2007 12 17 669.23
2007 12 18 673.35
2007 12 19 677.37
2007 12 20 689.69
2007 12 21 696.69
2007 12 24 700.73
2007 12 26 710.84
2007 12 27 700.74
2007 12 28 702.53
2007 12 31 691.48
2008 1 2 685.19
2008 1 3 685.33
2008 1 4 657
2008 1 7 649.25
2008 1 8 631.6799
2008 1 9 653.2
2008 1 10 646.73
2008 1 11 638.25
2008 1 14 653.82
2008 1 15 637.65
2008 1 16 615.95
2008 1 17 600.79
2008 1 18 600.25
2008 1 22 584.35
2008 1 23 548.6201
2008 1 24 574.49
2008 1 25 566.4
2008 1 28 555.98
2008 1 29 550.52
2008 1 30 548.27
2008 1 31 564.3
2008 2 1 515.9
2008 2 4 495.43
2008 2 5 506.7995
2008 2 6 501.71
2008 2 7 504.95
2008 2 8 516.69
2008 2 11 521.16
2008 2 12 518.09
2008 2 13 534.62
2008 2 14 532.25
2008 2 15 529.64
2008 2 19 508.95
2008 2 20 509
2008 2 21 502.86
2008 2 22 507.8
2008 2 25 486.44
2008 2 26 464.19
2008 2 27 472.86
2008 2 28 475.39
2008 2 29 471.18
2008 3 3 457.02
2008 3 4 444.6
2008 3 5 447.6999
2008 3 6 432.7
2008 3 7 433.35
2008 3 10 413.62
2008 3 11 439.8399
2008 3 12 440.18
2008 3 13 443.01
2008 3 14 437.92
2008 3 17 419.87
2008 3 18 439.16
2008 3 19 432
2008 3 20 433.55
2008 3 24 460.56
2008 3 25 450.78
2008 3 26 458.19
2008 3 27 444.08
2008 3 28 438.08
2008 3 31 440.47
2008 4 1 465.71
2008 4 2 465.7
2008 4 3 455.12
2008 4 4 471.09
2008 4 7 476.82
2008 4 8 467.81
2008 4 9 464.19
2008 4 10 469.08
2008 4 11 457.45
2008 4 14 451.66
2008 4 15 446.84
2008 4 16 455.03
2008 4 17 449.54
2008 4 18 539.41
2008 4 21 537.79
2008 4 22 555
2008 4 23 546.49
2008 4 24 543.04
2008 4 25 544.06
2008 4 28 552.12
2008 4 29 558.47
2008 4 30 574.29
2008 5 1 593.08
2008 5 2 581.29
2008 5 5 594.9
2008 5 6 586.36
2008 5 7 579
2008 5 8 583.01
2008 5 9 573.2
2008 5 12 584.94
2008 5 13 583
2008 5 14 576.3
2008 5 15 581
2008 5 16 580.0701
2008 5 19 577.52
2008 5 20 578.6
2008 5 21 549.99
2008 5 22 549.46
2008 5 23 544.62
2008 5 27 560.9
2008 5 28 568.24
2008 5 29 583
2008 5 30 585.8
2008 6 2 575
2008 6 3 567.3
2008 6 4 572.22
2008 6 5 586.3
2008 6 6 567
2008 6 9 557.87
2008 6 10 554.17
2008 6 11 545.2
2008 6 12 552.95
2008 6 13 571.51
2008 6 16 572.81
2008 6 17 569.46
2008 6 18 562.38
2008 6 19 560.2
2008 6 20 546.43
2008 6 23 545.21
2008 6 24 542.3
2008 6 25 551
2008 6 26 528.82
2008 6 27 528.07
2008 6 30 526.42
2008 7 1 534.73
2008 7 2 527.04
2008 7 3 537
2008 7 7 543.91
2008 7 8 554.53
2008 7 9 541.55
2008 7 10 540.57
2008 7 11 533.8
2008 7 14 521.62
2008 7 15 516.09
2008 7 16 535.6
2008 7 17 533.44
2008 7 18 481.32
2008 7 21 468.8
2008 7 22 477.11
2008 7 23 489.22
2008 7 24 475.62
2008 7 25 491.98
2008 7 28 477.12
2008 7 29 483.11
2008 7 30 482.7
2008 7 31 473.75
2008 8 1 467.86
2008 8 4 463
2008 8 5 479.85
2008 8 6 486.34
2008 8 7 479.12
2008 8 8 495.01
2008 8 11 500.84
2008 8 12 502.61
2008 8 13 500.03
2008 8 14 505.49
2008 8 15 510.15
2008 8 18 498.3
2008 8 19 490.5
2008 8 20 485
2008 8 21 486.53
2008 8 22 490.59
2008 8 25 483.01
2008 8 26 474.16
2008 8 27 468.58
2008 8 28 473.78
2008 8 29 463.29
2008 9 2 465.25
2008 9 3 464.41
2008 9 4 450.26
2008 9 5 444.25
2008 9 8 419.95
2008 9 9 418.66
2008 9 10 414.16
2008 9 11 433.75
2008 9 12 437.66
2008 9 15 433.86
2008 9 16 442.93
2008 9 17 414.49
2008 9 18 439.08
2008 9 19 449.15
2008 9 22 430.14
2008 9 23 429.27
2008 9 24 435.11
2008 9 25 439.6
2008 9 26 431.04
2008 9 29 381
2008 9 30 400.52
2008 10 1 411.72
2008 10 2 390.49
2008 10 3 386.91
2008 10 6 371.21
2008 10 7 346.01
2008 10 8 338.11
2008 10 9 328.98
2008 10 10 332
2008 10 13 381.02
2008 10 14 362.71
2008 10 15 339.17
2008 10 16 353.02
2008 10 17 372.54
2008 10 20 379.32
2008 10 21 362.75
2008 10 22 355.67
2008 10 23 352.32
2008 10 24 339.29
2008 10 27 329.49
2008 10 28 368.75
2008 10 29 358
2008 10 30 359.69
2008 10 31 359.36
2008 11 3 346.49
2008 11 4 366.94
2008 11 5 342.24
2008 11 6 331.22
2008 11 7 331.14
2008 11 10 318.78
2008 11 11 311.46
2008 11 12 291
2008 11 13 312.08
2008 11 14 310.02
2008 11 17 300.12
2008 11 18 297.42
2008 11 19 280.18
2008 11 20 259.56
2008 11 21 262.43
2008 11 24 257.44
2008 11 25 282.05
2008 11 26 292.09
2008 11 28 292.96
2008 12 1 265.99
2008 12 2 275.11
2008 12 3 279.43
2008 12 4 274.34
2008 12 5 283.99
2008 12 8 302.11
2008 12 9 305.97
2008 12 10 308.82
2008 12 11 300.22
2008 12 12 315.76
2008 12 15 310.67
2008 12 16 325.28
2008 12 17 315.24
2008 12 18 310.28
2008 12 19 310.17
2008 12 22 297.11
2008 12 23 298.02
2008 12 24 302.95
2008 12 26 300.36
2008 12 29 297.42
2008 12 30 303.11
2008 12 31 307.65
2009 1 2 321.32
2009 1 5 328.05
2009 1 6 334.06
2009 1 7 322.01
2009 1 8 325.19
2009 1 9 315.07
2009 1 12 312.69
2009 1 13 314.32
2009 1 14 300.97
2009 1 15 298.99
2009 1 16 299.67
2009 1 20 282.75
2009 1 21 303.08
2009 1 22 306.5
2009 1 23 324.7
2009 1 26 323.87
2009 1 27 331.48
2009 1 28 348.67
2009 1 29 343.32
2009 1 30 338.53
2009 2 2 340.57
2009 2 3 340.45
2009 2 4 343
2009 2 5 353.72
2009 2 6 371.28
2009 2 9 378.77
2009 2 10 358.51
2009 2 11 358.04
2009 2 12 363.05
2009 2 13 357.68
2009 2 17 342.66
2009 2 18 353.11
2009 2 19 342.64
2009 2 20 346.45
2009 2 23 330.06
2009 2 24 345.45
2009 2 25 341.64
2009 2 26 337.18
2009 2 27 337.99
2009 3 2 327.16
2009 3 3 325.48
2009 3 4 318.92
2009 3 5 305.64
2009 3 6 308.57
2009 3 9 290.89
2009 3 10 308.17
2009 3 11 317.91
2009 3 12 323.53
2009 3 13 324.42
2009 3 16 319.69
2009 3 17 335.34
2009 3 18 333.1
2009 3 19 329.94
2009 3 20 330.16
2009 3 23 348.601
2009 3 24 347.32
2009 3 25 344.07
2009 3 26 353.29
2009 3 27 347.7
2009 3 30 342.69
2009 3 31 348.06
2009 4 1 354.09
2009 4 2 362.5
2009 4 3 369.78
2009 4 6 368.24
2009 4 7 358.65
2009 4 8 362
2009 4 9 372.5
2009 4 13 378.11
2009 4 14 368.91
2009 4 15 379.5
2009 4 16 388.74
2009 4 17 392.24
2009 4 20 379.3
2009 4 21 381.47
2009 4 22 383.86
2009 4 23 384.69
2009 4 24 389.49
2009 4 27 385.95
2009 4 28 383.71
2009 4 29 391.47
2009 4 30 395.97
2009 5 1 393.69
2009 5 4 401.9793
2009 5 5 402.99
2009 5 6 403.47
2009 5 7 396.61
2009 5 8 407.33
2009 5 11 407.98
2009 5 12 399.01
2009 5 13 389.54
2009 5 14 387.5
2009 5 15 390
2009 5 18 396.84
2009 5 19 398.88
2009 5 20 397.18
2009 5 21 396.5
2009 5 22 393.5
2009 5 26 404.36
2009 5 27 405.56
2009 5 28 410.4
2009 5 29 417.23
2009 6 1 426.56
2009 6 2 428.4
2009 6 3 431.65
2009 6 4 440.28
2009 6 5 444.32
2009 6 8 438.77
2009 6 9 435.62
2009 6 10 432.6
2009 6 11 429
2009 6 12 424.84
2009 6 15 416.77
2009 6 16 416
2009 6 17 415.16
2009 6 18 414.06
2009 6 19 420.09
2009 6 22 407.35
2009 6 23 405.68
2009 6 24 409.29
2009 6 25 415.77
2009 6 26 425.32
2009 6 29 424.14
2009 6 30 421.59
2009 7 1 418.99
2009 7 2 408.49
2009 7 6 409.61
2009 7 7 396.63
2009 7 8 402.49
2009 7 9 410.39
2009 7 10 414.4
2009 7 13 424.3
2009 7 14 424.69
2009 7 15 438.17
2009 7 16 442.6
2009 7 17 430.25
2009 7 20 430.17
2009 7 21 427.9
2009 7 22 427.69
2009 7 23 437.342
2009 7 24 446.72
2009 7 27 444.8
2009 7 28 439.85
2009 7 29 436.24
2009 7 30 445.64
2009 7 31 443.05
2009 8 3 452.21
2009 8 4 453.734
2009 8 5 451.14
2009 8 6 450.36
2009 8 7 457.1
2009 8 10 456.61
2009 8 11 453.936
2009 8 12 458.58
2009 8 13 462.28
2009 8 14 460
2009 8 17 444.89
2009 8 18 445.28
2009 8 19 443.97
2009 8 20 460.41
2009 8 21 465.24
2009 8 24 468.73
2009 8 25 471.37
2009 8 26 468
2009 8 27 466.06
2009 8 28 464.75
2009 8 31 461.67
2009 9 1 455.761
2009 9 2 453.01
2009 9 3 457.52
2009 9 4 461.3
2009 9 8 458.62
2009 9 9 463.97
2009 9 10 470.94
2009 9 11 472.14
2009 9 14 475.12
2009 9 15 477.54
2009 9 16 488.29
2009 9 17 491.72
2009 9 18 491.46
2009 9 21 497
2009 9 22 499.06
2009 9 23 498.46
2009 9 24 496.77
2009 9 25 492.48
2009 9 28 498.53
2009 9 29 498.53
2009 9 30 495.85
2009 10 1 487.2
2009 10 2 484.58
2009 10 5 488.52
2009 10 6 498.74
2009 10 7 517.54
2009 10 8 514.18
2009 10 9 516.25
2009 10 12 524.04
2009 10 13 526.11
2009 10 14 535.32
2009 10 15 529.91
2009 10 16 549.85
2009 10 19 552.09
2009 10 20 551.72
2009 10 21 551.1
2009 10 22 554.09
2009 10 23 553.69
2009 10 26 554.21
2009 10 27 548.29
2009 10 28 540.3
2009 10 29 551.05
2009 10 30 536.12
2009 11 2 533.99
2009 11 3 537.29
2009 11 4 540.33
2009 11 5 548.65
2009 11 6 551.1
2009 11 9 562.51
2009 11 10 566.76
2009 11 11 570.56
2009 11 12 567.85
2009 11 13 572.05
2009 11 16 576.28
2009 11 17 577.49
2009 11 18 576.65
2009 11 19 572.99
2009 11 20 569.964
2009 11 23 582.35
2009 11 24 583.09
2009 11 25 585.74
2009 11 27 579.76
2009 11 30 583
2009 12 1 589.87
2009 12 2 587.51
2009 12 3 585.74
2009 12 4 585.01
2009 12 7 586.25
2009 12 8 587.05
2009 12 9 589.02
2009 12 10 591.5
2009 12 11 590.51
2009 12 14 595.73
2009 12 15 593.14
2009 12 16 597.76
2009 12 17 593.94
2009 12 18 596.42
2009 12 21 598.68
2009 12 22 601.12
2009 12 23 611.68
2009 12 24 618.48
2009 12 28 622.87
2009 12 29 619.4
2009 12 30 622.73
2009 12 31 619.98
2010 1 4 626.75
2010 1 5 623.99
2010 1 6 608.26
2010 1 7 594.1
2010 1 8 602.02
2010 1 11 601.11
2010 1 12 590.48
2010 1 13 587.09
2010 1 14 589.85
2010 1 15 580
2010 1 19 587.62
2010 1 20 580.41
2010 1 21 582.98
2010 1 22 550.01
2010 1 25 540
2010 1 26 542.42
2010 1 27 542.1
2010 1 28 534.29
2010 1 29 529.944
2010 2 1 533.02
2010 2 2 531.12
2010 2 3 540.82
2010 2 4 526.778
2010 2 5 531.29
2010 2 8 533.47
2010 2 9 536.44
2010 2 10 534.445
2010 2 11 536.4
2010 2 12 533.12
2010 2 16 541.3
2010 2 17 538.207
2010 2 18 543.22
2010 2 19 540.763
2010 2 22 542.8
2010 2 23 535.07
2010 2 24 531.47
2010 2 25 526.43
2010 2 26 526.8
2010 3 1 532.69
2010 3 2 541.06
2010 3 3 545.32
2010 3 4 554.59
2010 3 5 564.21
2010 3 8 562.48
2010 3 9 560.19
2010 3 10 576.45
2010 3 11 581.14
2010 3 12 579.54
2010 3 15 563.18
2010 3 16 565.2
2010 3 17 565.56
2010 3 18 566.4
2010 3 19 560
2010 3 22 557.5
2010 3 23 549
2010 3 24 557.33
2010 3 25 562.88
2010 3 26 562.69
2010 3 29 562.45
2010 3 30 566.71
2010 3 31 567.12
2010 4 1 568.8
2010 4 5 571.01
2010 4 6 568.22
2010 4 7 563.54
2010 4 8 567.49
2010 4 9 566.22
2010 4 12 572.73
2010 4 13 586.77
2010 4 14 589
2010 4 15 595.3
2010 4 16 550.145
2010 4 19 550.1
2010 4 20 555.04
2010 4 21 554.3
2010 4 22 547.06
2010 4 23 544.99
2010 4 26 531.64
2010 4 27 529.06
2010 4 28 529.19
2010 4 29 532
2010 4 30 525.695
2010 5 3 530.6
2010 5 4 506.37
2010 5 5 509.76
2010 5 6 498.67
2010 5 7 493.14
2010 5 10 521.65
2010 5 11 509.05
2010 5 12 505.39
2010 5 13 510.88
2010 5 14 507.53
2010 5 17 507.97
2010 5 18 498.37
2010 5 19 494.43
2010 5 20 475.01
2010 5 21 472.05
2010 5 24 477.16
2010 5 25 477.07
2010 5 26 475.47
2010 5 27 490.46
2010 5 28 485.63
2010 6 1 482.37
2010 6 2 493.37
2010 6 3 505.6
2010 6 4 498.72
2010 6 7 485.52
2010 6 8 484.78
2010 6 9 474.02
2010 6 10 487.01
2010 6 11 488.5
2010 6 14 483.19
2010 6 15 497.99
2010 6 16 501.27
2010 6 17 500.08
2010 6 18 500.03
2010 6 21 488.56
2010 6 22 486.25
2010 6 23 482.05
2010 6 24 475.1
2010 6 25 472.68
2010 6 28 472.08
2010 6 29 454.26
2010 6 30 444.95
2010 7 1 439.49
2010 7 2 436.55
2010 7 6 436.07
2010 7 7 450.2
2010 7 8 456.56
2010 7 9 467.49
2010 7 12 475.83
2010 7 13 489.2
2010 7 14 491.336
2010 7 15 494.02
2010 7 16 459.605
2010 7 19 466.18
2010 7 20 481.59
2010 7 21 477.5
2010 7 22 484.81
2010 7 23 490.06
2010 7 26 488.97
2010 7 27 492.63
2010 7 28 484.35
2010 7 29 484.99
2010 7 30 484.85
2010 8 2 490.41
2010 8 3 489.83
2010 8 4 506.32
2010 8 5 508.1
2010 8 6 500.22
2010 8 9 505.35
2010 8 10 503.71
2010 8 11 491.74
2010 8 12 492.01
2010 8 13 486.35
2010 8 16 485.59
2010 8 17 490.52
2010 8 18 482.15
2010 8 19 467.97
2010 8 20 462.02
2010 8 23 464.07
2010 8 24 451.39
2010 8 25 454.62
2010 8 26 450.98
2010 8 27 458.83
2010 8 30 452.69
2010 8 31 450.02
2010 9 1 460.33
2010 9 2 463.18
2010 9 3 470.3
2010 9 7 464.4
2010 9 8 470.58
2010 9 9 476.18
2010 9 10 476.14
2010 9 13 482.27
2010 9 14 480.43
2010 9 15 480.64
2010 9 16 481.06
2010 9 17 490.15
2010 9 20 508.28
2010 9 21 513.46
2010 9 22 516
2010 9 23 513.48
2010 9 24 527.29
2010 9 27 530.41
2010 9 28 527.17
2010 9 29 527.69
2010 9 30 525.79
2010 10 1 525.62
2010 10 4 522.35
2010 10 5 538.23
2010 10 6 534.35
2010 10 7 530.01
2010 10 8 536.35
2010 10 11 538.84
2010 10 12 541.39
2010 10 13 543.3
2010 10 14 540.93
2010 10 15 601.45
2010 10 18 617.71
2010 10 19 607.83
2010 10 20 607.98
2010 10 21 611.99
2010 10 22 612.53
2010 10 25 616.5
2010 10 26 618.6
2010 10 27 616.47
2010 10 28 618.58
2010 10 29 613.7
2010 11 1 615
2010 11 2 615.6
2010 11 3 620.18
2010 11 4 624.27
2010 11 5 625.08
2010 11 8 626.77
2010 11 9 624.82
2010 11 10 622.88
2010 11 11 617.19
2010 11 12 603.29
2010 11 15 595.47
2010 11 16 583.72
2010 11 17 583.55
2010 11 18 596.56
2010 11 19 590.83
2010 11 22 591.22
2010 11 23 583.01
2010 11 24 594.97
2010 11 26 590
2010 11 29 582.11
2010 11 30 555.71
2010 12 1 564.35
2010 12 2 571.82
2010 12 3 573
2010 12 6 578.36
2010 12 7 587.14
2010 12 8 590.54
2010 12 9 591.5
2010 12 10 592.21
2010 12 13 594.62
2010 12 14 594.91
2010 12 15 590.3
2010 12 16 591.71
2010 12 17 590.8
2010 12 20 595.06
2010 12 21 603.07
2010 12 22 605.49
2010 12 23 604.23
2010 12 27 602.38
2010 12 28 598.92
2010 12 29 601
2010 12 30 598.86
2010 12 31 593.97
2011 1 3 604.35
2011 1 4 602.12
2011 1 5 609.07
2011 1 6 613.5
2011 1 7 616.44
2011 1 10 614.21
2011 1 11 616.01
2011 1 12 616.87
2011 1 13 616.69
2011 1 14 624.18
2011 1 18 639.63
2011 1 19 631.75
2011 1 20 626.77
2011 1 21 611.83
2011 1 24 611.08
2011 1 25 619.91
2011 1 26 616.5
2011 1 27 616.79
2011 1 28 600.99
2011 1 31 600.36
2011 2 1 611.04
2011 2 2 612
2011 2 3 610.15
2011 2 4 610.98
2011 2 7 614.295
2011 2 8 618.38
2011 2 9 616.5
2011 2 10 616.44
2011 2 11 624.5
2011 2 14 628.15
2011 2 15 624.15
2011 2 16 624.22
2011 2 17 625.26
2011 2 18 630.08
2011 2 22 610.21
2011 2 23 611.32
2011 2 24 608.82
2011 2 25 610.04
2011 2 28 613.4
2011 3 1 600.76
2011 3 2 600.79
2011 3 3 609.56
2011 3 4 600.62
2011 3 7 591.66
2011 3 8 592.31
2011 3 9 591.77
2011 3 10 580.3
2011 3 11 576.71
2011 3 14 569.99
2011 3 15 569.56
2011 3 16 557.1
2011 3 17 561.36
2011 3 18 561.06
2011 3 21 576.5
2011 3 22 577.32
2011 3 23 582.16
2011 3 24 586.89
2011 3 25 579.74
2011 3 28 575.36
2011 3 29 581.73
2011 3 30 581.84
2011 3 31 586.76
2011 4 1 591.8
2011 4 4 587.68
2011 4 5 569.09
2011 4 6 574.18
2011 4 7 580
2011 4 8 578.16
2011 4 11 577.37
2011 4 12 570.61
2011 4 13 576.28
2011 4 14 578.51
2011 4 15 530.7
2011 4 18 526.84
2011 4 19 521.53
2011 4 20 525.73
2011 4 21 525.1
2011 4 25 525.05
2011 4 26 532.82
2011 4 27 537.76
2011 4 28 537.97
2011 4 29 544.1
2011 5 2 538.56
2011 5 3 533.89
2011 5 4 535.79
2011 5 5 534.27
2011 5 6 535.3
2011 5 9 537.68
2011 5 10 542.66
2011 5 11 535.45
2011 5 12 535.05
2011 5 13 529.55
2011 5 16 518.42
2011 5 17 530.46
2011 5 18 529.81
2011 5 19 531.25
2011 5 20 524.03
2011 5 23 518.39
2011 5 24 518.26
2011 5 25 519.67
2011 5 26 518.13
2011 5 27 520.9
2011 5 31 529.02
2011 6 1 525.6
2011 6 2 528.06
2011 6 3 523.08
2011 6 6 521.06
2011 6 7 519.03
2011 6 8 519.17
2011 6 9 516.73
2011 6 10 509.505
2011 6 13 504.73
2011 6 14 508.37
2011 6 15 502.95
2011 6 16 500.37
2011 6 17 485.02
2011 6 20 484.58
2011 6 21 493
2011 6 22 487.005
2011 6 23 480.22
2011 6 24 474.88
2011 6 27 482.8
2011 6 28 493.65
2011 6 29 497.57
2011 6 30 506.38
2011 7 1 521.028
2011 7 5 532.44
2011 7 6 535.36
2011 7 7 546.6
2011 7 8 531.99
2011 7 11 527.28
2011 7 12 534.01
2011 7 13 538.26
2011 7 14 528.94
2011 7 15 597.62
2011 7 18 594.94
2011 7 19 602.55
2011 7 20 595.35
2011 7 21 606.99
2011 7 22 618.23
2011 7 25 618.98
2011 7 26 622.52
2011 7 27 607.22
2011 7 28 610.94
2011 7 29 603.69
2011 8 1 606.77
2011 8 2 592.4
2011 8 3 601.17
2011 8 4 577.52
2011 8 5 579.04
2011 8 8 546.02
2011 8 9 573.41
2011 8 10 549.01
2011 8 11 562.13
2011 8 12 563.77
2011 8 15 557.23
2011 8 16 539
2011 8 17 533.15
2011 8 18 504.88
2011 8 19 490.92
2011 8 22 498.17
2011 8 23 518.82
2011 8 24 523.29
2011 8 25 520.04
2011 8 26 526.86
2011 8 29 539.08
2011 8 30 540.7
2011 8 31 540.96
2011 9 1 532.5
2011 9 2 524.84
2011 9 6 522.18
2011 9 7 534.03
2011 9 8 534.96
2011 9 9 524.85
2011 9 12 530.12
2011 9 13 529.52
2011 9 14 532.07
2011 9 15 542.56
2011 9 16 546.68
2011 9 19 546.67
2011 9 20 546.625
2011 9 21 539.2
2011 9 22 520.66
2011 9 23 525.51
2011 9 26 531.89
2011 9 27 539.34
2011 9 28 528.84
2011 9 29 527.5
2011 9 30 515.04
2011 10 3 495.52
2011 10 4 501.9
2011 10 5 504.7
2011 10 6 514.71
2011 10 7 515.12
2011 10 10 537.17
2011 10 11 543.18
2011 10 12 548.5
2011 10 13 558.99
2011 10 14 591.68
2011 10 17 582.41
2011 10 18 590.51
2011 10 19 580.7
2011 10 20 583.67
2011 10 21 590.49
2011 10 24 596.42
2011 10 25 583.16
2011 10 26 586.31
2011 10 27 598.67
2011 10 28 600.14
2011 10 31 592.64
2011 11 1 578.65
2011 11 2 584.82
2011 11 3 597.5
2011 11 4 596.14
2011 11 7 608.33
2011 11 8 612.34
2011 11 9 600.95
2011 11 10 595.08
2011 11 11 608.35
2011 11 14 613
2011 11 15 616.56
2011 11 16 611.47
2011 11 17 600.87
2011 11 18 594.88
2011 11 21 580.94
2011 11 22 580
2011 11 23 570.11
2011 11 25 563
2011 11 28 588.19
2011 11 29 582.93
2011 11 30 599.39
2011 12 1 613.77
2011 12 2 620.36
2011 12 5 625.65
2011 12 6 623.77
2011 12 7 623.39
2011 12 8 616.05
2011 12 9 627.42
2011 12 12 625.39
2011 12 13 625.63
2011 12 14 618.07
2011 12 15 619.54
2011 12 16 625.96
2011 12 19 621.83
2011 12 20 630.37
2011 12 21 625.82
2011 12 22 629.7
2011 12 23 633.14
2011 12 27 640.25
2011 12 28 639.7
2011 12 29 642.4
2011 12 30 645.9
2012 1 3 665.41
2012 1 4 668.28
2012 1 5 659.01
2012 1 6 650.02
2012 1 9 622.46
2012 1 10 623.14
2012 1 11 625.96
2012 1 12 629.64
2012 1 13 624.99
2012 1 17 628.58
2012 1 18 632.91
2012 1 19 639.57
2012 1 20 585.99
2012 1 23 585.52
2012 1 24 580.93
2012 1 25 569.49
2012 1 26 568.1
2012 1 27 579.98
2012 1 30 577.69
2012 1 31 580.11
2012 2 1 580.83
2012 2 2 585.11
2012 2 3 596.33
2012 2 6 609.09
2012 2 7 606.77
2012 2 8 609.85
2012 2 9 611.46
2012 2 10 605.91
2012 2 13 612.2
2012 2 14 609.76
2012 2 15 605.56
2012 2 16 606.52
2012 2 17 604.64
2012 2 21 614
2012 2 22 607.94
2012 2 23 606.11
2012 2 24 609.9
2012 2 27 609.31
2012 2 28 618.39
2012 2 29 618.25
2012 3 1 622.4
2012 3 2 621.25
2012 3 5 614.25
2012 3 6 604.96
2012 3 7 606.8
2012 3 8 607.14
2012 3 9 600.25
2012 3 12 605.15
2012 3 13 617.78
2012 3 14 615.99
2012 3 15 621.13
2012 3 16 625.04
2012 3 19 633.98
2012 3 20 633.49
2012 3 21 639.98
2012 3 22 646.05
2012 3 23 642.59
2012 3 26 649.33
2012 3 27 647.02
2012 3 28 655.76
2012 3 29 648.41
2012 3 30 641.24
2012 4 2 646.92
2012 4 3 642.62
2012 4 4 635.15
2012 4 5 632.32
2012 4 9 630.84
2012 4 10 626.86
2012 4 11 635.96
2012 4 12 651.01
2012 4 13 624.6
2012 4 16 606.07
2012 4 17 609.57
2012 4 18 607.45
2012 4 19 599.3
2012 4 20 596.06
2012 4 23 597.6
2012 4 24 601.27
2012 4 25 609.72
2012 4 26 615.47
2012 4 27 614.98
2012 4 30 604.85
2012 5 1 604.43
2012 5 2 607.26
2012 5 3 611.02
2012 5 4 596.97
2012 5 7 607.55
2012 5 8 612.79
2012 5 9 609.15
2012 5 10 613.66
2012 5 11 605.23
2012 5 14 604
2012 5 15 611.11
2012 5 16 628.93
2012 5 17 623.05
2012 5 18 600.4
2012 5 21 614.11
2012 5 22 600.8
2012 5 23 609.46
2012 5 24 603.66
2012 5 25 591.53
2012 5 29 594.34
2012 5 30 588.23
2012 5 31 580.86
2012 6 1 570.98
2012 6 4 578.59
2012 6 5 570.41
2012 6 6 580.57
2012 6 7 578.23
2012 6 8 580.45
2012 6 11 568.5
2012 6 12 565.1
2012 6 13 561.09
2012 6 14 559.05
2012 6 15 564.51
2012 6 18 570.85
2012 6 19 581.53
2012 6 20 577.51
2012 6 21 565.21
2012 6 22 571.48
2012 6 25 560.7
2012 6 26 564.68
2012 6 27 569.3
2012 6 28 564.31
2012 6 29 580.07
2012 7 2 580.47
2012 7 3 587.83
2012 7 5 595.92
2012 7 6 585.98
2012 7 9 586.01
2012 7 10 581.7
2012 7 11 571.19
2012 7 12 570.48
2012 7 13 576.52
2012 7 16 574.92
2012 7 17 576.73
2012 7 18 580.76
2012 7 19 593.06
2012 7 20 610.82
2012 7 23 615.51
2012 7 24 607.57
2012 7 25 607.99
2012 7 26 613.36
2012 7 27 634.96
2012 7 30 632.3
2012 7 31 632.97
2012 8 1 632.68
2012 8 2 628.75
2012 8 3 641.33
2012 8 6 642.82
2012 8 7 640.54
2012 8 8 642.23
2012 8 9 642.35
2012 8 10 642
2012 8 13 660.01
2012 8 14 668.66
2012 8 15 667.54
2012 8 16 672.87
2012 8 17 677.14
2012 8 20 675.54
2012 8 21 669.51
2012 8 22 677.18
2012 8 23 676.8
2012 8 24 678.63
2012 8 27 669.22
2012 8 28 677.25
2012 8 29 688.01
2012 8 30 681.68
2012 8 31 685.09
2012 9 4 681.04
2012 9 5 680.72
2012 9 6 699.4
2012 9 7 706.15
2012 9 10 700.77
2012 9 11 692.19
2012 9 12 690.88
2012 9 13 706.04
2012 9 14 709.68
2012 9 17 709.98
2012 9 18 718.28
2012 9 19 727.5
2012 9 20 728.1166
2012 9 21 733.99
2012 9 24 749.38
2012 9 25 749.16
2012 9 26 753.46
2012 9 27 756.5
2012 9 28 754.5
2012 10 1 761.78
2012 10 2 756.99
2012 10 3 762.5
2012 10 4 768.05
2012 10 5 767.65
2012 10 8 757.84
2012 10 9 744.09
2012 10 10 744.56
2012 10 11 751.48
2012 10 12 744.75
2012 10 15 740.98
2012 10 16 744.7
2012 10 17 755.49
2012 10 18 695
2012 10 19 681.79
2012 10 22 678.67
2012 10 23 680.35
2012 10 24 677.3022
2012 10 25 677.76
2012 10 26 675.15
2012 10 31 680.2976
2012 11 1 687.59
2012 11 2 687.918
2012 11 5 682.96
2012 11 6 681.72
2012 11 7 667.12
2012 11 8 652.29
2012 11 9 663.03
2012 11 12 665.9
2012 11 13 659.0532
2012 11 14 652.55
2012 11 15 647.26
2012 11 16 647.18
2012 11 19 668.21
2012 11 20 669.97
2012 11 21 665.87
2012 11 23 667.97
2012 11 26 661.15
2012 11 27 670.71
2012 11 28 683.67
2012 11 29 691.89
2012 11 30 698.37
2012 12 3 695.25
2012 12 4 691.03
2012 12 5 687.82
2012 12 6 691.13
2012 12 7 684.21
2012 12 10 685.42
2012 12 11 696.88
2012 12 12 697.56
2012 12 13 702.7
2012 12 14 701.9632
2012 12 17 720.78
2012 12 18 721.07
2012 12 19 720.11
2012 12 20 722.36
2012 12 21 715.63
2012 12 24 709.5
2012 12 26 708.87
2012 12 27 706.29
2012 12 28 700.01
2012 12 31 707.38
2013 1 2 723.25
2013 1 3 723.67
2013 1 4 737.97
2013 1 7 734.75
2013 1 8 733.3
2013 1 9 738.118
2013 1 10 741.48
2013 1 11 739.99
2013 1 14 723.25
2013 1 15 724.93
2013 1 16 715.19
2013 1 17 711.32
2013 1 18 704.51
2013 1 22 702.87
2013 1 23 741.5
2013 1 24 753.83
2013 1 25 753.67
2013 1 28 750.73
2013 1 29 753.68
2013 1 30 753.83
2013 1 31 755.69
2013 2 1 775.6
2013 2 4 759.02
2013 2 5 765.74
2013 2 6 770.17
2013 2 7 773.95
2013 2 8 785.37
2013 2 11 782.42
2013 2 12 780.7
2013 2 13 782.86
2013 2 14 787.82
2013 2 15 792.89
2013 2 19 806.85
2013 2 20 792.46
2013 2 21 795.53
2013 2 22 799.71
2013 2 25 790.77
2013 2 26 790.13
2013 2 27 799.78
2013 2 28 801.2
2013 3 1 806.19
2013 3 4 821.504
2013 3 5 838.604
2013 3 6 831.38
2013 3 7 832.596
2013 3 8 831.52
2013 3 11 834.82
2013 3 12 827.61
2013 3 13 825.31
2013 3 14 821.54
2013 3 15 814.302
2013 3 18 807.79
2013 3 19 811.32
2013 3 20 814.708
2013 3 21 811.26
2013 3 22 810.31
2013 3 25 809.64
2013 3 26 812.42
2013 3 27 802.66
2013 3 28 794.188
2013 4 1 801.19
2013 4 2 813.04
2013 4 3 806.202
2013 4 4 795.07
2013 4 5 783.05
2013 4 8 774.85
2013 4 9 777.65
2013 4 10 790.18
2013 4 11 790.39
2013 4 12 790.05
2013 4 15 781.93
2013 4 16 793.37
2013 4 17 782.56
2013 4 18 765.914
2013 4 19 799.87
2013 4 22 800.114
2013 4 23 807.9
2013 4 24 813.454
2013 4 25 809.1
2013 4 26 801.42
2013 4 29 819.06
2013 4 30 824.57
2013 5 1 820.43
2013 5 2 829.61
2013 5 3 845.72
2013 5 6 861.55
2013 5 7 857.23
2013 5 8 873.63
2013 5 9 871.48
2013 5 10 880.23
2013 5 13 877.53
2013 5 14 887.1
2013 5 15 915.89
2013 5 16 903.87
2013 5 17 909.18
2013 5 20 908.53
2013 5 21 906.97
2013 5 22 889.42
2013 5 23 882.79
2013 5 24 873.32
2013 5 28 881.27
2013 5 29 868.31
2013 5 30 870.76
2013 5 31 871.218
2013 6 3 867.63
2013 6 4 859.1
2013 6 5 859.7
2013 6 6 864.64
2013 6 7 879.73
2013 6 10 890.22
2013 6 11 879.81
2013 6 12 871.98
2013 6 13 877
2013 6 14 875.04
2013 6 17 886.25
2013 6 18 900.62
2013 6 19 900.68
2013 6 20 884.74
2013 6 21 880.93
2013 6 24 869.79
2013 6 25 866.2
2013 6 26 873.65
2013 6 27 877.07
2013 6 28 880.37
2013 7 1 887.88
2013 7 2 882.31
2013 7 3 886.43
2013 7 5 893.49
2013 7 8 905.09
2013 7 9 905.24
2013 7 10 905.99
2013 7 11 920.24
2013 7 12 923
2013 7 15 924.69
2013 7 16 919.608
2013 7 17 918.55
2013 7 18 910.68
2013 7 19 896.598
2013 7 22 910.7
2013 7 23 903.8
2013 7 24 902.9
2013 7 25 887.7
2013 7 26 885.35
2013 7 29 882.27
2013 7 30 890.92
2013 7 31 887.75
2013 8 1 904.22
2013 8 2 906.57
2013 8 5 905
2013 8 6 896.57
2013 8 7 890.65
2013 8 8 892.66
2013 8 9 890.41
2013 8 12 885.51
2013 8 13 881.25
2013 8 14 869.81
2013 8 15 859.66
2013 8 16 856.908
2013 8 19 865.65
2013 8 20 865.42
2013 8 21 869.33
2013 8 22 873.71
2013 8 23 870.21
2013 8 26 866.39
2013 8 27 850.15
2013 8 28 848.55
2013 8 29 855.43
2013 8 30 846.9
2013 9 3 860.38
2013 9 4 871.634
2013 9 5 879.56
2013 9 6 879.58
2013 9 9 888.054
2013 9 10 888.67
2013 9 11 896.19
2013 9 12 893.064
2013 9 13 889.068
2013 9 16 887.76
2013 9 17 886.11
2013 9 18 903.32
2013 9 19 898.39
2013 9 20 903.11
2013 9 23 886.5
2013 9 24 886.84
2013 9 25 877.23
2013 9 26 878.17
2013 9 27 876.39
2013 9 30 875.91
2013 10 1 887.004
2013 10 2 887.99
2013 10 3 876.09
2013 10 4 872.35
2013 10 7 865.74
2013 10 8 853.67
2013 10 9 855.86
2013 10 10 868.24
2013 10 11 871.99
2013 10 14 876.11
2013 10 15 882.01
2013 10 16 898.029
2013 10 17 888.794
2013 10 18 1011.41
2013 10 21 1003.3
2013 10 22 1007
2013 10 23 1031.41
2013 10 24 1025.55
2013 10 25 1015.2
2013 10 28 1015
2013 10 29 1036.24
2013 10 30 1030.42
2013 10 31 1030.58
2013 11 1 1027.04
2013 11 4 1026.11
2013 11 5 1021.52
2013 11 6 1022.75
2013 11 7 1007.95
2013 11 8 1016.03
2013 11 11 1010.59
2013 11 12 1011.78
2013 11 13 1032.47
2013 11 14 1035.23
2013 11 15 1033.56
2013 11 18 1031.55
2013 11 19 1025.2
2013 11 20 1022.31
2013 11 21 1034.07
2013 11 22 1031.89
2013 11 25 1045.93
2013 11 26 1058.41
2013 11 27 1063.11
2013 11 29 1059.59
2013 12 2 1054.48
2013 12 3 1053.26
2013 12 4 1058.18
2013 12 5 1057.34
2013 12 6 1069.87
2013 12 9 1078.14
2013 12 10 1084.66
2013 12 11 1077.29
2013 12 12 1069.96
2013 12 13 1060.79
2013 12 16 1072.98
2013 12 17 1069.86
2013 12 18 1084.75
2013 12 19 1086.22
2013 12 20 1100.62
2013 12 23 1115.1
2013 12 24 1111.84
2013 12 26 1117.46
2013 12 27 1118.4
2013 12 30 1109.46
2013 12 31 1120.71
2014 1 2 1113.12
2014 1 3 1105
2014 1 6 1117.32
2014 1 7 1138.86
2014 1 8 1141.23
2014 1 9 1130.24
2014 1 10 1130.18
2014 1 13 1122.98
2014 1 14 1149.4
2014 1 15 1148.62
2014 1 16 1156.22
2014 1 17 1150.53
2014 1 21 1163.7
2014 1 22 1165.02
2014 1 23 1160.1
2014 1 24 1123.83
2014 1 27 1101.23
2014 1 28 1123.01
2014 1 29 1106.92
2014 1 30 1135.39
2014 1 31 1180.97
2014 2 3 1133.43
2014 2 4 1138.16
2014 2 5 1143.2
2014 2 6 1159.96
2014 2 7 1177.44
2014 2 10 1172.93
2014 2 11 1190.18
2014 2 12 1186.69
2014 2 13 1199.9
2014 2 14 1202.8
2014 2 18 1210.88
2014 2 19 1202.34
2014 2 20 1204.11
2014 2 21 1203.79
2014 2 24 1212.51
2014 2 25 1220
2014 2 26 1220.17
2014 2 27 1219.21
2014 2 28 1215.65
2014 3 3 1202.69
2014 3 4 1214.91
2014 3 5 1218.26
2014 3 6 1219.61
2014 3 7 1214.79
2014 3 10 1211.57
2014 3 11 1199.99
2014 3 12 1207.3
2014 3 13 1189.06
2014 3 14 1172.8
2014 3 17 1192.1
2014 3 18 1211.26
2014 3 19 1199.25
2014 3 20 1197.16
2014 3 21 1183.04
2014 3 24 1157.93
2014 3 25 1158.72
2014 3 26 1131.97
2014 3 27 1114.28
2014 3 28 1120.15
2014 3 31 1114.51
2014 4 1 1134.89
2014 4 2 1135.1
2014 4 3 571.5
2014 4 4 545.25
2014 4 7 540.63
2014 4 8 557.51
2014 4 9 567.04
2014 4 10 546.69
2014 4 11 537.76
2014 4 14 545.2
2014 4 15 548.7
2014 4 16 563.9
2014 4 17 543.34
2014 4 21 539.37
2014 4 22 545.5
2014 4 23 537.51
2014 4 24 534.44
2014 4 25 523.1
2014 4 28 522.98
2014 4 29 536.33
2014 4 30 534.88
2014 5 1 538.53
2014 5 2 533.87
2014 5 5 535.33
2014 5 6 522.57
2014 5 7 518
2014 5 8 520.17
2014 5 9 526.62
2014 5 12 538.43
2014 5 13 541.54
2014 5 14 534.41
2014 5 15 529.12
2014 5 16 528.3
2014 5 19 538.83
2014 5 20 540.39
2014 5 21 549.7
2014 5 22 555.45
2014 5 23 563.8
2014 5 27 574.87
2014 5 28 570.45
2014 5 29 570.56
2014 5 30 571.65
2014 6 2 564.34
2014 6 3 554.51
2014 6 4 553.76
2014 6 5 564.93
2014 6 6 566.03
2014 6 9 570.73
2014 6 10 568.3
2014 6 11 567.5
2014 6 12 559.5
2014 6 13 560.35
2014 6 16 552.3
2014 6 17 550.615
2014 6 18 560.66
2014 6 19 564.99
2014 6 20 566.52
2014 6 23 574.29
2014 6 24 572.54
2014 6 25 585.93
2014 6 26 584.77
2014 6 27 585.69
2014 6 30 584.67
2014 7 1 591.49
2014 7 2 590.78
2014 7 3 593.08
2014 7 7 590.76
2014 7 8 578.4
2014 7 9 583.36
2014 7 10 580.04
2014 7 11 586.65
2014 7 14 594.26
2014 7 15 593.06
2014 7 16 590.62
2014 7 17 580.82
2014 7 18 605.11
2014 7 21 598.44
2014 7 22 603.57
2014 7 23 605.19
2014 7 24 603.01
2014 7 25 598.08
2014 7 28 599.02
2014 7 29 593.95
2014 7 30 595.44
2014 7 31 579.55
2014 8 1 573.6
2014 8 4 582.27
2014 8 5 573.14
2014 8 6 574.49
2014 8 7 571.81
2014 8 8 577.94
2014 8 11 577.25
2014 8 12 572.12
2014 8 13 584.56
2014 8 14 584.65
2014 8 15 583.71
2014 8 18 592.7
2014 8 19 597.11
2014 8 20 595.41
2014 8 21 592.42
2014 8 22 592.54
2014 8 25 590.57
2014 8 26 588.12
2014 8 27 583
2014 8 28 580.32
2014 8 29 582.36
2014 9 2 588.63
2014 9 3 589.52
2014 9 4 593.14
2014 9 5 597.78
2014 9 8 601.63
2014 9 9 591.97
2014 9 10 593.42
2014 9 11 591.11
2014 9 12 584.9
2014 9 15 581.64
2014 9 16 588.78
2014 9 17 593.29
2014 9 18 597.27
2014 9 19 605.4
2014 9 22 597.27
2014 9 23 591.18
2014 9 24 598.42
2014 9 25 585.25
2014 9 26 587.9
2014 9 29 587.81
2014 9 30 588.41
2014 10 1 579.63
2014 10 2 580.88
2014 10 3 586.25
2014 10 6 587.78
2014 10 7 574.1
2014 10 8 583.74
2014 10 9 570.81
2014 10 10 555.19
2014 10 13 544.75
2014 10 14 548.69
2014 10 15 540.73
2014 10 16 536.92
2014 10 17 522.97
2014 10 20 532.38
2014 10 21 538.03
2014 10 22 542.69
2014 10 23 553.65
2014 10 24 548.9
2014 10 27 549.88
2014 10 28 558.94
2014 10 29 558.45
2014 10 30 560.27
2014 10 31 567.87
2014 11 3 563.77
2014 11 4 564.19
2014 11 5 555.95
2014 11 6 551.69
2014 11 7 551.82
2014 11 10 558.23
2014 11 11 561.29
2014 11 12 558.25
2014 11 13 556.44
2014 11 14 555.19
2014 11 17 546.64
2014 11 18 544.51
2014 11 19 547.2
2014 11 20 543.76
2014 11 21 545.89
2014 11 24 547.48
2014 11 25 549.23
2014 11 26 547.73
2014 11 28 549.08
2014 12 1 539.65
2014 12 2 538.59
2014 12 3 536.97
2014 12 4 542.58
2014 12 5 528.08
2014 12 8 530.73
2014 12 9 536.11
2014 12 10 528.04
2014 12 11 532.11
2014 12 12 521.51
2014 12 15 515.84
2014 12 16 498.16
2014 12 17 506.45
2014 12 18 514.62
2014 12 19 520.04
2014 12 22 532.3
2014 12 23 538.77
2014 12 24 536.93
2014 12 26 541.52
2014 12 29 537.31
2014 12 30 535.28
2014 12 31 530.66
2015 1 2 529.55
2015 1 5 519.46
2015 1 6 506.64
2015 1 7 505.15
2015 1 8 506.91
2015 1 9 500.72
2015 1 12 497.06
2015 1 13 501.8
2015 1 14 505.93
2015 1 15 504.01
2015 1 16 510.455
2015 1 20 509.94
2015 1 21 520.39
2015 1 22 537.3
2015 1 23 541.95
2015 1 26 536.72
2015 1 27 521.19
2015 1 28 512.43
2015 1 29 513.23
2015 1 30 537.55
2015 2 2 532.2
2015 2 3 533.3
2015 2 4 526.1
2015 2 5 529.83
2015 2 6 533.875
2015 2 9 529.28
2015 2 10 540.16
2015 2 11 538
2015 2 12 546.01
2015 2 13 551.16
2015 2 17 545.01
2015 2 18 542.65
2015 2 19 546.45
2015 2 20 541.8
2015 2 23 535
2015 2 24 538.65
2015 2 25 547.33
2015 2 26 559.29
2015 2 27 562.63
2015 3 2 575.02
2015 3 3 578.795
2015 3 4 578.33
2015 3 5 581.435
2015 3 6 572.9
2015 3 9 574.1
2015 3 10 559.85
2015 3 11 555.69
2015 3 12 561.17
2015 3 13 553
2015 3 16 561.64
2015 3 17 557.61
2015 3 18 566.16
2015 3 19 563.67
2015 3 20 564.95
2015 3 23 565.37
2015 3 24 577.54
2015 3 25 567
2015 3 26 563.64
2015 3 27 557.55
2015 3 30 561.135
2015 3 31 554.7
2015 4 1 549.49
2015 4 2 541.31
2015 4 6 543.95
2015 4 7 544.86
2015 4 8 548.84
2015 4 9 548.02
2015 4 10 548.54
2015 4 13 548.64
2015 4 14 539.78
2015 4 15 541.04
2015 4 16 543.52
2015 4 17 532.74
2015 4 20 544.53
2015 4 21 542.925
2015 4 22 549.18
2015 4 23 557.46
2015 4 24 573.66
2015 4 27 566.12
2015 4 28 564.37
2015 4 29 561.39
2015 4 30 548.77
2015 5 1 551.16
2015 5 4 552.84
2015 5 5 543.045
2015 5 6 535.08
2015 5 7 542.04
2015 5 8 548.95
2015 5 11 545.78
2015 5 12 538.73
2015 5 13 539.49
2015 5 14 549.2
2015 5 15 546.49
2015 5 18 546.67
2015 5 19 549.28
2015 5 20 552.51
2015 5 21 556.81
2015 5 22 554.52
2015 5 26 547.19
2015 5 27 554.25
2015 5 28 554.18
2015 5 29 545.32
2015 6 1 549.21
2015 6 2 553.95
2015 6 3 555.29
2015 6 4 551.69
2015 6 5 549.53
2015 6 8 543.48
2015 6 9 542.16
2015 6 10 552.6
2015 6 11 550.04
2015 6 12 547.47
2015 6 15 543
2015 6 16 544.87
2015 6 17 546.6
2015 6 18 556.18
2015 6 19 557.52
2015 6 22 559.68
2015 6 23 563.39
2015 6 24 558.57
2015 6 25 557.95
2015 6 26 553.06
2015 6 29 541.25
2015 6 30 540.04
2015 7 1 543.3
2015 7 2 547.34
2015 7 6 545.62
2015 7 7 550.03
2015 7 8 541.7
2015 7 9 544.65
2015 7 10 556.11
2015 7 13 571.73
2015 7 14 584.18
2015 7 15 583.96
2015 7 16 601.78
2015 7 17 699.62
2015 7 20 692.84
2015 7 21 695.35
2015 7 22 695.1
2015 7 23 674.73
2015 7 24 654.77
2015 7 27 658.27
2015 7 28 659.66
2015 7 29 661.43
2015 7 30 664.56
2015 7 31 657.5
2015 8 3 664.72
2015 8 4 661.28
2015 8 5 673.29
2015 8 6 670.15
2015 8 7 664.39
2015 8 10 663.14
2015 8 11 690.3
2015 8 12 691.47
2015 8 13 686.51
2015 8 14 689.37
2015 8 17 694.11
2015 8 18 688.73
2015 8 19 694.04
2015 8 20 679.48
2015 8 21 644.03
2015 8 24 618.11
2015 8 25 612.47
2015 8 26 659.74
2015 8 27 667.96
2015 8 28 659.69
2015 8 31 647.82
2015 9 1 629.56
2015 9 2 644.91
2015 9 3 637.05
2015 9 4 628.96
2015 9 8 643.88
2015 9 9 643.41
2015 9 10 651.08
2015 9 11 655.3
2015 9 14 652.47
2015 9 15 665.07
2015 9 16 665.52
2015 9 17 671.67
2015 9 18 660.92
2015 9 21 666.98
2015 9 22 653.2
2015 9 23 653.29
2015 9 24 654.91
2015 9 25 640.15
2015 9 28 624.25
2015 9 29 622.61
2015 9 30 637.2
2015 10 1 642
2015 10 2 656.99
2015 10 5 671.68
2015 10 6 671.64
2015 10 7 670
2015 10 8 667
2015 10 9 671.24
2015 10 12 676.43
2015 10 13 683.17
2015 10 14 680.41
2015 10 15 693.02
2015 10 16 695.32
2015 10 19 699.95
2015 10 20 680
2015 10 21 671.8
2015 10 22 681.14
2015 10 23 719.33
2015 10 26 731.12
2015 10 27 732.82
2015 10 28 736.92
2015 10 29 744.85
2015 10 30 737.39
2015 11 2 747.74
2015 11 3 748.82
2015 11 4 755.31
2015 11 5 760.67
2015 11 6 761.6
2015 11 9 754.77
2015 11 10 758.26
2015 11 11 765.25
2015 11 12 756.53
2015 11 13 740.07
2015 11 16 750.42
2015 11 17 745.98
2015 11 18 760.01
2015 11 19 759.94
2015 11 20 777
2015 11 23 776.7
2015 11 24 769.63
2015 11 25 769.26
2015 11 27 771.97
2015 11 30 762.85
2015 12 1 783.79
2015 12 2 777.85
2015 12 3 768.2
2015 12 4 779.21
2015 12 7 772.99
2015 12 8 775.14
2015 12 9 762.55
2015 12 10 760.04
2015 12 11 750.42
2015 12 14 762.54
2015 12 15 760.09
2015 12 16 776.59
2015 12 17 769.83
2015 12 18 756.85
2015 12 21 760.8
2015 12 22 767.13
2015 12 23 768.51
2015 12 24 765.84
2015 12 28 782.24
2015 12 29 793.96
2015 12 30 790.3
2015 12 31 778.01
2016 1 4 759.44
2016 1 5 761.53
2016 1 6 759.33
2016 1 7 741
2016 1 8 730.91
2016 1 11 733.07
2016 1 12 745.34
2016 1 13 719.57
2016 1 14 731.39
2016 1 15 710.49
2016 1 19 719.08
2016 1 20 718.56
2016 1 21 726.67
2016 1 22 745.46
2016 1 25 733.62
2016 1 26 733.79
2016 1 27 717.58
2016 1 28 748.3
2016 1 29 761.35
2016 2 1 770.77
2016 2 2 780.91
2016 2 3 749.38
2016 2 4 730.03
2016 2 5 703.76
2016 2 8 704.16
2016 2 9 701.02
2016 2 10 706.85
2016 2 11 706.36
2016 2 12 706.89
2016 2 16 717.64
2016 2 17 731.97
2016 2 18 717.51
2016 2 19 722.11
2016 2 22 729.05
2016 2 23 717.29
2016 2 24 720.9
2016 2 25 729.12
2016 2 26 724.86
2016 2 29 717.22
2016 3 1 742.17
2016 3 2 739.48
2016 3 3 731.59
2016 3 4 730.22
2016 3 7 712.8
2016 3 8 713.53
2016 3 9 725.41
2016 3 10 732.17
2016 3 11 744.87
2016 3 14 750.24
2016 3 15 750.57
2016 3 16 757.36
2016 3 17 758.48
2016 3 18 755.41
2016 3 21 762.16
2016 3 22 760.05
2016 3 23 757.56
2016 3 24 754.84
2016 3 28 753.28
2016 3 29 765.89
2016 3 30 768.34
2016 3 31 762.9
2016 4 1 769.67
2016 4 4 765.12
2016 4 5 758.57
2016 4 6 768.07
2016 4 7 760.12
2016 4 8 759.47
2016 4 11 757.54
2016 4 12 764.32
2016 4 13 771.91
2016 4 14 775.39
2016 4 15 780
2016 4 18 787.68
2016 4 19 776.25
2016 4 20 774.92
2016 4 21 780
2016 4 22 737.77
2016 4 25 742.21
2016 4 26 725.37
2016 4 27 721.46
2016 4 28 705.06
2016 4 29 707.88
2016 5 2 714.41
2016 5 3 708.44
2016 5 4 711.37
2016 5 5 714.71
2016 5 6 725.18
2016 5 9 729.13
2016 5 10 739.38
2016 5 11 730.55
2016 5 12 728.07
2016 5 13 724.83
2016 5 16 730.3
2016 5 17 720.19
2016 5 18 721.78
2016 5 19 715.31
2016 5 20 721.71
2016 5 23 717.25
2016 5 24 733.03
2016 5 25 738.1
2016 5 26 736.93
2016 5 27 747.6
2016 5 31 748.85
2016 6 1 748.46
2016 6 2 744.27
2016 6 3 735.86
2016 6 6 730.06
2016 6 7 731.09
2016 6 8 742.93
2016 6 9 742.52
2016 6 10 733.19
2016 6 13 731.88
2016 6 14 733.25
2016 6 15 732.19
2016 6 16 724.25
2016 6 17 704.25
2016 6 20 706.13
2016 6 21 708.88
2016 6 22 710.47
2016 6 23 714.87
2016 6 24 685.2
2016 6 27 681.14
2016 6 28 691.26
2016 6 29 695.19
2016 6 30 703.53
2016 7 1 710.25
2016 7 5 704.89
2016 7 6 708.97
2016 7 7 707.26
2016 7 8 717.78
2016 7 11 727.2
2016 7 12 732.51
2016 7 13 729.48
2016 7 14 735.8
2016 7 15 735.63
2016 7 18 753.2
2016 7 19 753.41
2016 7 20 757.08
2016 7 21 754.41
2016 7 22 759.28
2016 7 25 757.52
2016 7 26 757.65
2016 7 27 761.97
2016 7 28 765.84
2016 7 29 791.34
2016 8 1 800.94
2016 8 2 800.12
2016 8 3 798.92
2016 8 4 797.25
2016 8 5 806.93
2016 8 8 805.23
2016 8 9 807.48
2016 8 10 808.49
2016 8 11 808.2
2016 8 12 807.05
2016 8 15 805.96
2016 8 16 801.19
2016 8 17 805.42
2016 8 18 802.75
2016 8 19 799.65
2016 8 22 796.95
2016 8 23 796.59
2016 8 24 793.6
2016 8 25 791.3
2016 8 26 793.22
2016 8 29 795.82
2016 8 30 791.92
2016 8 31 789.85
2016 9 1 791.4
2016 9 2 796.87
2016 9 6 808.02
2016 9 7 807.99
2016 9 8 802.84
2016 9 9 788.48
2016 9 12 798.82
2016 9 13 788.72
2016 9 14 790.46
2016 9 15 801.23
2016 9 16 797.97
2016 9 19 795.39
2016 9 20 799.78
2016 9 21 805.03
2016 9 22 815.95
2016 9 23 814.96
2016 9 26 802.65
2016 9 27 810.73
2016 9 28 810.06
2016 9 29 802.64
2016 9 30 804.06
2016 10 3 800.38
2016 10 4 802.79
2016 10 5 801.23
2016 10 6 803.08
2016 10 7 800.71
2016 10 10 814.17
2016 10 11 809.57
2016 10 12 811.77
2016 10 13 804.08
2016 10 14 804.6
2016 10 17 806.84
2016 10 18 821.49
2016 10 19 827.09
2016 10 20 821.63
2016 10 21 824.06
2016 10 24 835.74
2016 10 25 828.55
2016 10 26 822.1
2016 10 27 817.35
2016 10 28 819.56
2016 10 31 809.9
2016 11 1 805.48
2016 11 2 788.42
2016 11 3 782.19
2016 11 4 781.1
2016 11 7 802.03
2016 11 8 811.98
2016 11 9 805.59
2016 11 10 780.29
2016 11 11 771.75
2016 11 14 753.22
2016 11 15 775.16
2016 11 16 779.98
2016 11 17 786.16
2016 11 18 775.97
2016 11 21 784.8
2016 11 22 785
2016 11 23 779
2016 11 25 780.23
2016 11 28 785.79
2016 11 29 789.44
2016 11 30 775.88
2016 12 1 764.33
2016 12 2 764.46
2016 12 5 778.22
2016 12 6 776.18
2016 12 7 791.47
2016 12 8 795.17
2016 12 9 809.45
2016 12 12 807.9
2016 12 13 815.34
2016 12 14 817.89
2016 12 15 815.65
2016 12 16 809.84
2016 12 19 812.5
2016 12 20 815.2
2016 12 21 812.2
2016 12 22 809.68
2016 12 23 807.8
2016 12 27 809.93
2016 12 28 804.57
2016 12 29 802.88
2016 12 30 792.45
2017 1 3 808.01
2017 1 4 807.77
2017 1 5 813.02
2017 1 6 825.21
2017 1 9 827.18
2017 1 10 826.01
2017 1 11 829.86
2017 1 12 829.53
2017 1 13 830.94
2017 1 17 827.46
2017 1 18 829.02
2017 1 19 824.37
2017 1 20 828.17
2017 1 23 844.43
2017 1 24 849.53
2017 1 25 858.45
2017 1 26 856.98
2017 1 27 845.03
2017 1 30 823.83
2017 1 31 820.19
2017 2 1 815.24
2017 2 2 818.26
2017 2 3 820.13
2017 2 6 821.62
2017 2 7 829.23
2017 2 8 829.88
2017 2 9 830.06
2017 2 10 834.85
2017 2 13 838.96
2017 2 14 840.03
2017 2 15 837.32
2017 2 16 842.17
2017 2 17 846.55
2017 2 21 849.27
2017 2 22 851.36
2017 2 23 851
2017 2 24 847.81
2017 2 27 849.67
2017 2 28 844.93
2017 3 1 856.75
2017 3 2 849.85
2017 3 3 849.08
2017 3 6 847.27
2017 3 7 851.15
2017 3 8 853.64
2017 3 9 857.84
2017 3 10 861.405
2017 3 13 864.58
2017 3 14 865.91
2017 3 15 868.39
2017 3 16 870
2017 3 17 872.37
2017 3 20 867.91
2017 3 21 850.14
2017 3 22 849.8
2017 3 23 839.65
2017 3 24 835.14
2017 3 27 838.51
2017 3 28 840.63
2017 3 29 849.87
2017 3 30 849.48
2017 3 31 847.8
2017 4 3 856.75
2017 4 4 852.57
2017 4 5 848.91
2017 4 6 845.095
2017 4 7 842.1
2017 4 10 841.7
2017 4 11 839.88
2017 4 12 841.46
2017 4 13 840.18
2017 4 17 855.13
2017 4 18 853.99
2017 4 19 856.51
2017 4 20 860.08
2017 4 21 858.95
2017 4 24 878.93
2017 4 25 888.84
2017 4 26 889.14
2017 4 27 891.44
2017 4 28 924.52
2017 5 1 932.82
2017 5 2 937.09
2017 5 3 948.45
2017 5 4 954.72
2017 5 5 950.28
2017 5 8 958.69
2017 5 9 956.71
2017 5 10 954.84
2017 5 11 955.89
2017 5 12 955.14
2017 5 15 959.22
2017 5 16 964.61
2017 5 17 942.17
2017 5 18 950.5
2017 5 19 954.65
2017 5 22 964.07
2017 5 23 970.55
2017 5 24 977.61
2017 5 25 991.86
2017 5 26 993.27
2017 5 30 996.17
2017 5 31 987.09
2017 6 1 988.29
2017 6 2 996.12
2017 6 5 1003.88
2017 6 6 996.68
2017 6 7 1001.59
2017 6 8 1004.28
2017 6 9 970.12
2017 6 12 961.81
2017 6 13 970.5
2017 6 14 967.93
2017 6 15 960.18
2017 6 16 958.62
2017 6 19 975.22
2017 6 20 968.99
2017 6 21 978.59
2017 6 22 976.62
2017 6 23 986.09
2017 6 26 972.09
2017 6 27 948.09
2017 6 28 961.01
2017 6 29 937.82
2017 6 30 929.68
2017 7 3 919.46
2017 7 5 932.26
2017 7 6 927.69
2017 7 7 940.81
2017 7 10 951
2017 7 11 953.53
2017 7 12 967.66
2017 7 13 968.85
2017 7 14 976.91
2017 7 17 975.96
2017 7 18 986.95
2017 7 19 992.77
2017 7 20 992.19
2017 7 21 993.84
2017 7 24 998.31
2017 7 25 969.03
2017 7 26 965.31
2017 7 27 952.51
2017 7 28 958.33
2017 7 31 945.5
2017 8 1 946.56
2017 8 2 947.64
2017 8 3 940.3
2017 8 4 945.79
2017 8 7 945.75
2017 8 8 944.19
2017 8 9 940.08
2017 8 10 923.59
2017 8 11 930.09
2017 8 14 938.93
2017 8 15 938.08
2017 8 16 944.27
2017 8 17 927.66
2017 8 18 926.18
2017 8 21 920.87
2017 8 22 940.4
2017 8 23 942.58
2017 8 24 936.89
2017 8 25 930.5
2017 8 28 928.13
2017 8 29 935.75
2017 8 30 943.63
2017 8 31 955.24
2017 9 1 951.99
2017 9 5 941.48
2017 9 6 942.02
2017 9 7 949.89
2017 9 8 941.41
2017 9 11 943.29
2017 9 12 946.65
2017 9 13 950.44
2017 9 14 940.13
2017 9 15 935.29
2017 9 18 929.75
2017 9 19 936.86
2017 9 20 947.54
2017 9 21 947.55
2017 9 22 943.26
2017 9 25 934.28
2017 9 26 937.43
2017 9 27 959.9
2017 9 28 964.81
2017 9 29 973.72
2017 10 2 967.47
2017 10 3 972.08
2017 10 4 966.78
2017 10 5 985.19
2017 10 6 993.64
2017 10 9 992.31
2017 10 10 987.8
2017 10 11 1005.65
2017 10 12 1005.65
2017 10 13 1007.87
2017 10 16 1009.35
2017 10 17 1011
2017 10 18 1012.74
2017 10 19 1001.84
2017 10 20 1005.07
2017 10 23 985.54
2017 10 24 988.49
2017 10 25 991.46
2017 10 26 991.42
2017 10 27 1033.67
2017 10 30 1033.13
2017 10 31 1033.04
2017 11 1 1042.6
2017 11 2 1042.97
2017 11 3 1049.99
2017 11 6 1042.68
2017 11 7 1052.39
2017 11 8 1058.29
2017 11 9 1047.72
2017 11 10 1044.15
2017 11 13 1041.2
2017 11 14 1041.64
2017 11 15 1036.41
2017 11 16 1048.47
2017 11 17 1035.89
2017 11 20 1034.66
2017 11 21 1050.3
2017 11 22 1051.92
2017 11 24 1056.52
2017 11 27 1072.01
2017 11 28 1063.29
2017 11 29 1037.38
2017 11 30 1036.17
2017 12 1 1025.07
2017 12 4 1011.87
2017 12 5 1019.6
2017 12 6 1032.72
2017 12 7 1044.57
2017 12 8 1049.38
2017 12 11 1051.97
2017 12 12 1048.77
2017 12 13 1051.39
2017 12 14 1057.47
2017 12 15 1072
2017 12 18 1085.09
2017 12 19 1079.78
2017 12 20 1073.56
2017 12 21 1070.85
2017 12 22 1068.86
2017 12 26 1065.85
2017 12 27 1060.2
2017 12 28 1055.95
2017 12 29 1053.4
2018 1 2 1073.21
2018 1 3 1091.52
2018 1 4 1095.76
2018 1 5 1110.29
2018 1 8 1114.21
2018 1 9 1112.79
2018 1 10 1110.14
2018 1 11 1112.05
2018 1 12 1130.65
2018 1 16 1130.7
2018 1 17 1139.1
2018 1 18 1135.97
2018 1 19 1143.5
2018 1 22 1164.16
2018 1 23 1176.17
2018 1 24 1171.29
2018 1 25 1182.14
2018 1 26 1187.56
2018 1 29 1186.48
2018 1 30 1177.37
2018 1 31 1182.22
2018 2 1 1181.59
2018 2 2 1119.2
2018 2 5 1062.39
2018 2 6 1084.43
2018 2 7 1055.41
2018 2 8 1007.71
2018 2 9 1046.27
2018 2 12 1054.56
2018 2 13 1054.14
2018 2 14 1072.7
2018 2 15 1091.36
2018 2 16 1095.5
2018 2 20 1103.59
2018 2 21 1113.75
2018 2 22 1109.9
2018 2 23 1128.09
2018 2 26 1143.7
2018 2 27 1117.51
2018 2 28 1103.92
2018 3 1 1071.41
2018 3 2 1084.14
2018 3 5 1094.76
2018 3 6 1100.9
2018 3 7 1115.04
2018 3 8 1129.38
2018 3 9 1160.84
2018 3 12 1165.93
2018 3 13 1139.91
2018 3 14 1148.89
2018 3 15 1150.61
2018 3 16 1134.42
2018 3 19 1100.07
2018 3 20 1095.8
2018 3 21 1094
2018 3 22 1053.15
2018 3 23 1026.55
2018 3 26 1054.09
2018 3 27 1006.94
2018 3 28 1005.18
2018 3 29 1037.14
2018 4 2 1012.63
2018 4 3 1018.68
2018 4 4 1029.71
2018 4 5 1032.64
2018 4 6 1009.95
2018 4 9 1020.09
2018 4 10 1036.5
2018 4 11 1025.06
2018 4 12 1037.29
2018 4 13 1036.04
2018 4 16 1046.1
2018 4 17 1079.36
2018 4 18 1075.39
2018 4 19 1089.45
2018 4 20 1077.32
2018 4 23 1073.81
2018 4 24 1022.64
2018 4 25 1022.99
2018 4 26 1043.31
2018 4 27 1031.45
2018 4 30 1018.58
2018 5 1 1040.75
2018 5 2 1026.05
2018 5 3 1026.3
2018 5 4 1051
2018 5 7 1059.46
2018 5 8 1058.59
2018 5 9 1088.95
2018 5 10 1105.47
2018 5 11 1103.38
2018 5 14 1106.6
2018 5 15 1084.87
2018 5 16 1084.09
2018 5 17 1081.26
2018 5 18 1069.64
2018 5 21 1084.01
2018 5 22 1075.31
2018 5 23 1085.96
2018 5 24 1085.45
2018 5 25 1084.08
2018 5 29 1068.07
2018 5 30 1077.47
2018 5 31 1100
2018 6 1 1135
2018 6 4 1153.04
2018 6 5 1151.02
2018 6 6 1146.95
2018 6 7 1134.42
2018 6 8 1132.71
2018 6 11 1140.9
2018 6 12 1148.19
2018 6 13 1144.23
2018 6 14 1160.11
2018 6 15 1159.27
2018 6 18 1183.58
2018 6 19 1178.69
2018 6 20 1184.07
2018 6 21 1169.44
2018 6 22 1169.29
2018 6 25 1139.28
2018 6 26 1132.62
2018 6 27 1116.94
2018 6 28 1126.78
2018 6 29 1129.19
2018 7 2 1142.11
2018 7 3 1116.28
2018 7 5 1141.29
2018 7 6 1155.08
2018 7 9 1167.28
2018 7 10 1167.14
2018 7 11 1171.46
2018 7 12 1201.26
2018 7 13 1204.42
2018 7 16 1196.51
2018 7 17 1213.08
2018 7 18 1212.91
2018 7 19 1199.1
2018 7 20 1197.88
2018 7 23 1211
2018 7 24 1258.15
2018 7 25 1275.94
2018 7 26 1285.5
2018 7 27 1252.89
2018 7 30 1230.04
2018 7 31 1227.22
2018 8 1 1232.99
2018 8 2 1241.13
2018 8 3 1238.16
2018 8 6 1237.67
2018 8 7 1255.84
2018 8 8 1261.33
2018 8 9 1264.46
2018 8 10 1252.51
2018 8 13 1248.64
2018 8 14 1258.14
2018 8 15 1232.22
2018 8 16 1224.06
2018 8 17 1215.85
2018 8 20 1221.95
2018 8 21 1217.41
2018 8 22 1221.75
2018 8 23 1221.16
2018 8 24 1236.75
2018 8 27 1256.27
2018 8 28 1245.86
2018 8 29 1264.65
2018 8 30 1254.44
2018 8 31 1231.8
2018 9 4 1211.31
2018 9 5 1199.1
2018 9 6 1183.99
2018 9 7 1177.59
2018 9 10 1175.06
2018 9 11 1189.99
2018 9 12 1171.6
2018 9 13 1182.14
2018 9 14 1177.98
2018 9 17 1159.83
2018 9 18 1167.11
2018 9 19 1174.27
2018 9 20 1191.57
2018 9 21 1172.12
2018 9 24 1179.56
2018 9 25 1193.89
2018 9 26 1194.06
2018 9 27 1207.36
2018 9 28 1207.08
2018 10 1 1208.53
2018 10 2 1207.64
2018 10 3 1211.53
2018 10 4 1177.07
2018 10 5 1167.83
2018 10 8 1155.92
2018 10 9 1145.17
2018 10 10 1092.16
2018 10 11 1090.74
2018 10 12 1120.54
2018 10 15 1102.44
2018 10 16 1133.08
2018 10 17 1127.59
2018 10 18 1097.91
2018 10 19 1105.18
2018 10 22 1111.37
2018 10 23 1114.91
2018 10 24 1057.12
2018 10 25 1103.59
2018 10 26 1083.75
2018 10 29 1034.73
2018 10 30 1049.51
2018 10 31 1090.58
2018 11 1 1085.98
2018 11 2 1071.49
2018 11 5 1055.73
2018 11 6 1069.57
2018 11 7 1108.24
2018 11 8 1094.63
2018 11 9 1077.02
2018 11 12 1049.36
2018 11 13 1047.97
2018 11 14 1054.58
2018 11 15 1071.05
2018 11 16 1068.27
2018 11 19 1027.42
2018 11 20 1030.45
2018 11 21 1043.43
2018 11 23 1030.1
2018 11 26 1055.94
2018 11 27 1052.28
2018 11 28 1091.79
2018 11 29 1094.58
2018 11 30 1109.65
2018 12 3 1116.36
2018 12 4 1062.47
2018 12 6 1078.08
2018 12 7 1046.58
2018 12 10 1053.18
2018 12 11 1061.65
2018 12 12 1073.73
2018 12 13 1073.54
2018 12 14 1051.71
2018 12 17 1025.65
2018 12 18 1043.41
2018 12 19 1035.46
2018 12 20 1023.58
2018 12 21 991.25
2018 12 24 984.67
2018 12 26 1047.85
2018 12 27 1052.9
2018 12 28 1046.68
2018 12 31 1044.96
2019 1 2 1054.68
2019 1 3 1025.47
2019 1 4 1078.07
2019 1 7 1075.92
2019 1 8 1085.37
2019 1 9 1081.65
2019 1 10 1078.83
2019 1 11 1064.47
2019 1 14 1051.51
2019 1 15 1086.51
2019 1 16 1089.51
2019 1 17 1099.12
2019 1 18 1107.3
2019 1 22 1078.63
2019 1 23 1084.41
2019 1 24 1084
2019 1 25 1101.51
2019 1 28 1079.86
2019 1 29 1070.06
2019 1 30 1097.99
2019 1 31 1125.89
2019 2 1 1118.62
2019 2 4 1141.42
2019 2 5 1151.87
2019 2 6 1122.89
2019 2 7 1105.91
2019 2 8 1102.38
2019 2 11 1102.12
2019 2 12 1127.58
2019 2 13 1128.63
2019 2 14 1129.2
2019 2 15 1119.63
2019 2 19 1126.51
2019 2 20 1120.59
2019 2 21 1104.21
2019 2 22 1116.56
2019 2 25 1117.33
2019 2 26 1122.01
2019 2 27 1122.89
2019 2 28 1126.55
2019 3 1 1148.52
2019 3 4 1153.42
2019 3 5 1169.19
2019 3 6 1164.94
2019 3 7 1150.85
2019 3 8 1149.97
2019 3 11 1179.26
2019 3 12 1197.25
2019 3 13 1199.06
2019 3 14 1192.53
2019 3 15 1190.3
2019 3 18 1188.55
2019 3 19 1202.46
2019 3 20 1226.43
2019 3 21 1236.13
2019 3 22 1207.65
2019 3 25 1197.38
2019 3 26 1189.84
2019 3 27 1178.01
2019 3 28 1172.27
2019 3 29 1176.89
2019 4 1 1198.98
2019 4 2 1205.54
2019 4 3 1210.81
2019 4 4 1219.45
2019 4 5 1211.45
2019 4 8 1208.28
2019 4 9 1202.69
2019 4 10 1206.45
2019 4 11 1209.59
2019 4 12 1222.73
2019 4 15 1226.53
2019 4 16 1231.91
2019 4 17 1240.14
2019 4 18 1241.47
2019 4 22 1253.76
2019 4 23 1270.59
2019 4 24 1260.05
2019 4 25 1267.34
2019 4 26 1277.42
2019 4 29 1296.2
2019 4 30 1198.96
2019 5 1 1173.32
2019 5 2 1166.51
2019 5 3 1189.55
2019 5 6 1193.46
2019 5 7 1178.86
2019 5 8 1170.78
2019 5 9 1167.97
2019 5 10 1167.64
2019 5 13 1136.59
2019 5 14 1124.86
2019 5 15 1170.8
2019 5 16 1184.5
2019 5 17 1168.78
2019 5 20 1144.66
2019 5 21 1154.44
2019 5 22 1155.85
2019 5 23 1145.34
2019 5 24 1138.61
2019 5 28 1139.56
2019 5 29 1119.94
2019 5 30 1121.41
2019 5 31 1106.5
2019 6 3 1038.74
2019 6 4 1054.49
2019 6 5 1044.64
2019 6 6 1047.76
2019 6 7 1068.37
2019 6 10 1082.76
2019 6 11 1081.04
2019 6 12 1079.1
2019 6 13 1091.01
2019 6 14 1086.3
2019 6 17 1093.89
2019 6 18 1105.24
2019 6 19 1104.51
2019 6 20 1113.2
2019 6 21 1125.37
2019 6 24 1116.7
2019 6 25 1087.58
2019 6 26 1080.32
2019 6 27 1076.63
2019 6 28 1082.8
2019 7 1 1100
2019 7 2 1112.6
2019 7 3 1122.99
2019 7 5 1132.66
2019 7 8 1116.79
2019 7 9 1124.29
2019 7 10 1140.91
2019 7 11 1144.08
2019 7 12 1145.34
2019 7 15 1150.51
2019 7 16 1153.46
2019 7 17 1146.74
2019 7 18 1147.24
2019 7 19 1131.55
2019 7 22 1139.21
2019 7 23 1148.05
2019 7 24 1139.73
2019 7 25 1135.94
2019 7 26 1245.22
2019 7 29 1241.84
2019 7 30 1228
2019 7 31 1218.2
2019 8 1 1211.78
2019 8 2 1196.32
2019 8 5 1154.75
2019 8 6 1171.08
2019 8 7 1175.91
2019 8 8 1206.19
2019 8 9 1188.9
2019 8 12 1174.5
2019 8 13 1196.73
2019 8 14 1164.25
2019 8 15 1169.32
2019 8 16 1179.21
2019 8 19 1200.44
2019 8 20 1183.53
2019 8 21 1191.58
2019 8 22 1191.52
2019 8 23 1153.58
2019 8 26 1171.18
2019 8 27 1170.82
2019 8 28 1173.75
2019 8 29 1194.24
2019 8 30 1190.53
2019 9 3 1169.55
2019 9 4 1182.27
2019 9 5 1212.19
2019 9 6 1206.32
2019 9 9 1205.27
2019 9 10 1205.7
2019 9 11 1220
2019 9 12 1234.97
2019 9 13 1240.03
2019 9 16 1231.63
2019 9 17 1229.88
2019 9 18 1232.65
2019 9 19 1238.75
2019 9 20 1229.84
2019 9 23 1234.69
2019 9 24 1218.33
2019 9 25 1245.94
2019 9 26 1242.29
2019 9 27 1225.95
2019 9 30 1221.14
2019 10 1 1206
2019 10 2 1177.92
2019 10 3 1189.43
2019 10 4 1210.96
2019 10 7 1208.25
2019 10 8 1190.13
2019 10 9 1202.4
2019 10 10 1209.47
2019 10 11 1215.71
2019 10 14 1217.77
2019 10 15 1242.24
2019 10 16 1243
2019 10 17 1252.8
2019 10 18 1244.41
2019 10 21 1244.28
2019 10 22 1241.2
2019 10 23 1257.63
2019 10 24 1259.11
2019 10 25 1264.3
2019 10 28 1288.98
2019 10 29 1260.66
2019 10 30 1260.7
2019 10 31 1258.8
2019 11 1 1272.25
2019 11 4 1289.61
2019 11 5 1291.44
2019 11 6 1291.01
2019 11 7 1306.94
2019 11 8 1309
2019 11 11 1298.28
2019 11 12 1297.21
2019 11 13 1296.18
2019 11 14 1309.15
2019 11 15 1333.54
2019 11 18 1319.84
2019 11 19 1312.59
2019 11 20 1301.86
2019 11 21 1300.14
2019 11 22 1293.67
2019 11 25 1305.64
2019 11 26 1313
2019 11 27 1312.13
2019 11 29 1304.09
2019 12 2 1288.86
2019 12 3 1294.74
2019 12 4 1318.94
2019 12 5 1326.96
2019 12 6 1339.39
2019 12 9 1342.99
2019 12 10 1342.89
2019 12 11 1344.25
2019 12 12 1348.49
2019 12 13 1346.87
2019 12 16 1360.7
2019 12 17 1354.89
2019 12 18 1351.91
2019 12 19 1356.44
2019 12 20 1351.22
2019 12 23 1350.63
2019 12 24 1344.43
2019 12 26 1362.47
2019 12 27 1354.64
2019 12 30 1339.71
2019 12 31 1339.39
2020 1 2 1368.68
2020 1 3 1361.52
2020 1 6 1397.81
2020 1 7 1395.11
2020 1 8 1405.04
2020 1 9 1419.79
2020 1 10 1428.96
2020 1 13 1440.03
2020 1 14 1430.59
2020 1 15 1439.2
2020 1 16 1450.16
2020 1 17 1479.52
2020 1 21 1482.25
2020 1 22 1484.17
2020 1 23 1484.69
2020 1 24 1466.17
2020 1 27 1431.73
2020 1 28 1450.5
2020 1 29 1456.7
2020 1 30 1454.25
2020 1 31 1432.78
